0.872415465335 0.312313930781 0
0.335793371155 0.403566122967 0
0.737032676776 0.42147025037 0
0.776006935601 0.487447277273 0
0.0849520977299 0.784697025362 0
0.00765501132569 0.277229530861 0
0.818246257653 0.674595640729 0
0.374812706771 0.977374378574 0
0.198495517855 0.85017448959 0
0.867262856888 0.302451581762 0
0.00354585734931 0.49564358523 0
0.182552590042 0.490326771992 0
0.14789862013 0.152186118571 0
0.487464732559 0.317663700671 0
0.584355974188 0.688111029923 0
0.551929217444 0.820750653452 0
0.477417008286 0.0150341379201 0
0.928112830237 0.0557321484284 0
0.59281638311 0.798776530789 0
0.39311398054 0.389967690978 0
0.848475288938 0.865346552601 0
0.544032559408 0.108670816093 0
0.709079017256 0.455395497099 0
0.188820588363 0.0049538203594 0
0.283814420247 0.649901576482 0
0.227516585216 0.836123072884 0
0.636725566172 0.56121442123 0
0.211112899238 0.137782051704 0
0.362808578669 0.719934457985 0
0.978951258278 0.645501903423 0
0.832057007655 0.647130178619 0
0.469783850298 0.736460891653 0
0.425331546025 0.047747340221 0
0.704106202957 0.119628837903 0
0.681997751675 0.0104358553284 0
0.759961983779 0.133737526176 0
0.131213388508 0.528874256045 0
0.0708975376002 0.227635986313 0
0.107451466837 0.15947900085 0
0.0259460481277 0.422503794853 0
0.279262015439 0.527421691199 0
0.962946118335 0.430652397341 0
0.393094571547 0.586671367268 0
0.239028775529 0.826129340088 0
0.989685094816 0.0672137752902 0
0.148374962869 0.223119575929 0
0.0436441307027 0.926238218897 0
0.880511768305 0.156349911697 0
0.704259038081 0.381520559972 0
0.761080739232 0.603363029321 0
0.961223402611 0.33039668411 0
0.454263779528 0.584039781658 0
0.856131370053 0.469615643265 0
0.551533219821 0.120670325684 0
0.0659006247027 0.633953863799 0
0.638126220897 0.309481080013 0
0.279746191815 0.940691365838 0
0.713887247428 0.398336063197 0
0.462787786217 0.208343300212 0
0.20307939342 0.679085846294 0
0.944860910084 0.498859598092 0
0.806124247528 0.0505063248262 0
0.0789187928422 0.317096402967 0
0.429331590391 0.942242959202 0
0.442556852056 0.834257947692 0
0.131838523672 0.595300616386 0
0.914031207819 0.0128001811937 0
0.613564660881 0.764132733069 0
0.0152908844665 0.996770009251 0
0.358783269117 0.675721448156 0
0.154590473725 0.597898416465 0
0.628745174048 0.0698642045547 0
0.730731390701 0.580672432539 0
0.530407567025 0.0961679900211 0
0.148398515073 0.346180017558 0
0.719028350133 0.803727668806 0
0.652159959647 0.295774742938 0
0.873431962611 0.106041120292 0
0.825782665598 0.535506023515 0
0.877906638099 0.87267338552 0
0.143956412153 0.119184049 0
0.302981117854 0.0655662390882 0
0.446787156237 0.485640477905 0
0.202486503508 0.209610195957 0
0.225908023661 0.459437955282 0
0.323171798609 0.783503735655 0
0.361404007603 0.343589392503 0
0.593431184956 0.84906247793 0
0.0134721112461 0.843149613529 0
0.723990251971 0.523079871285 0
0.973967953027 0.603098167338 0
0.167906721209 0.577750847759 0
0.0229054490547 0.575540725646 0
0.014430366998 0.013804246593 0
0.308390715642 0.762966642496 0
0.889380203633 0.844069522025 0
0.182552141182 0.0256758220991 0
0.26494633487 0.188110245915 0
0.0189062432196 0.346019730704 0
0.369705946433 0.581937753726 0
0.691684140905 0.6892620992 0
0.118651963042 0.651321582798 0
0.921247959363 0.649048437596 0
0.897247733436 0.183841879869 0
0.0610845748829 0.239032124252 0
0.178175334568 0.149157361967 0
0.269379400812 0.226120358667 0
0.504984899002 0.707690611888 0
0.0265628099557 0.337580954204 0
0.290088362267 0.672078900238 0
0.00324077925953 0.695034598217 0
0.150142383168 0.122318356617 0
0.6368789795 0.721908511041 0
0.482326750822 0.0554972941975 0
0.113588733269 0.0518423531826 0
0.230036396767 0.848923280459 0
0.466487797626 0.236102695503 0
0.254630100046 0.475117952954 0
0.249002689284 0.28217246415 0
0.804745117355 0.553004856538 0
0.120518203868 0.622926768933 0
0.310366186458 0.494533000617 0
0.525237494073 0.645446196514 0
0.582958233126 0.153934958304 0
0.290194266173 0.135637653172 0
0.179237676111 0.139697003145 0
0.251202902246 0.514861171017 0
0.429459924378 0.650217545709 0
0.552478532789 0.336304156368 0
0.0387768359343 0.00491100350146 0
0.331188728575 0.93023327543 0
0.27637613268 0.850910287179 0
0.905075575587 0.610445827683 0
0.407706477217 0.828136635585 0
0.32981502208 0.286381699901 0
0.310462497742 0.952753837832 0
0.243437355482 0.503115836803 0
0.600580358462 0.938859169562 0
0.789699467479 0.186466494731 0
0.473167304131 0.168953019832 0
0.2831108083 0.825544977196 0
0.242175969754 0.708654738302 0
0.976805153324 0.188840996333 0
0.0924126375919 0.783566162388 0
0.935761152602 0.732897576299 0
0.962202139436 0.920885540632 0
0.248420166575 0.409147602612 0
0.0460851117141 0.149015754448 0
0.737092723388 0.598823293872 0
0.889580392159 0.0172023195268 0
0.510025900209 0.733830470439 0
0.957207186958 0.0362019188366 0
0.861742106171 0.420966232972 0
0.380492335342 0.851360068708 0
0.562771052525 0.945365313139 0
0.585615913028 0.803845513566 0
0.355808580349 0.473309037229 0
0.944975462288 0.741708682225 0
0.580490254532 0.858036311884 0
0.00784603162346 0.913659266482 0
0.144234302295 0.431448240979 0
0.492053433845 0.222342117998 0
0.622780416817 0.870886308953 0
0.465557885991 0.409091887049 0
0.715739308105 0.00990577797653 0
0.756113824521 0.0690936262791 0
0.961986815632 0.775729181581 0
0.98469936918 0.0128956165929 0
0.564244774802 0.826189097648 0
0.0629586966627 0.721851536581 0
0.831090044636 0.530877479638 0
0.652346955034 0.9024169919 0
0.255972090278 0.195716974169 0
0.397332163919 0.718066244631 0
0.181216272873 0.811800962799 0
0.118677691843 0.441371729166 0
0.317136474553 0.989922838854 0
0.290856116995 0.251276774318 0
0.973522991671 0.863272456809 0
0.683970826494 0.165038367408 0
0.765538689566 0.669742713775 0
0.404985396759 0.378623394064 0
0.444895951692 0.379503587961 0
0.190816193418 0.797430634155 0
0.686277303052 0.351100632718 0
0.0461408737191 0.577083133452 0
0.668497672449 0.455842584665 0
0.689173182642 0.455243541817 0
0.96883928111 0.762683131396 0
0.972793596875 0.504335437533 0
0.302093915386 0.965772318178 0
0.344949084145 0.889657187776 0
0.0652747840521 0.997362355526 0
0.302251091519 0.338049455377 0
0.324259575403 0.204175239998 0
0.115186206005 0.32426436714 0
0.647376979354 0.958708229276 0
0.846508069456 0.672482381209 0
0.339753909067 0.993092397268 0
0.00153203795612 0.198322588285 0
1.06101770276 1.07097068259 1
1.35668352188 1.38831667886 1
1.54153825202 1.13066978315 1
1.5322149416 1.56468298856 1
1.99961843481 1.79490143511 1
1.54539311505 1.39613835512 1
1.18988441102 1.26631063747 1
1.77078323379 1.15293888219 1
1.32045468956 1.52125407508 1
1.8197053771 1.54519657074 1
1.74087898016 1.41663331434 1
1.85677040168 1.03949293382 1
1.50274634471 1.71147399147 1
1.10080571399 1.46369698877 1
1.19366346238 1.14462468691 1
1.67804508864 1.56119488567 1
1.21963768727 1.58595247789 1
1.96256062732 1.83167945669 1
1.61277252391 1.67632436766 1
1.86085445228 1.07573085124 1
1.41642159581 1.17580763707 1
1.27015879715 1.91498901774 1
1.68233447632 1.4462928681 1
1.52953092734 1.85590497387 1
1.98065288415 1.9438227337 1
1.31073586879 1.06155611602 1
1.10449497408 1.68215625402 1
1.75591874079 1.23876646599 1
1.89184308075 1.19975814417 1
1.36432722197 1.91061429986 1
1.27153357545 1.87812501149 1
1.81030946756 1.89224294703 1
1.71402030794 1.17423778467 1
1.61585016389 1.51719923695 1
1.69015466718 1.70395063633 1
1.01576363045 1.34884006442 1
1.12949440119 1.25114927401 1
1.80345242241 1.68338107315 1
1.51532742313 1.38968611743 1
1.07805219921 1.82217044196 1
1.94605330695 1.90619431315 1
1.16308519306 1.10141034049 1
1.68746634471 1.11877971804 1
1.95378402298 1.13724633722 1
1.8635038405 1.17085693077 1
1.17274327803 1.06008112502 1
1.50116612348 1.75953769364 1
1.18636587446 1.73811784097 1
1.59244897581 1.94807781535 1
1.78475232578 1.66187159389 1
1.74564810551 1.48468293002 1
1.75630318261 1.04851568203 1
1.88738462846 1.57968637016 1
1.03161542141 1.55465889851 1
1.3593859519 1.90033396253 1
1.32765086024 1.3095511602 1
1.71795374372 1.98936643109 1
1.24432977209 1.98188796481 1
1.99308258809 1.88235298921 1
1.61264261397 1.88503037695 1
1.81208339969 1.69287027904 1
1.89431240639 1.37692503492 1
1.84977303374 1.40277479983 1
1.35753611675 1.59189917494 1
1.78093386655 1.54979179883 1
1.43066305332 1.39073895317 1
1.84775011317 1.08217792135 1
1.86037999913 1.50456658293 1
1.33247662666 1.7881401844 1
1.4832746276 1.83600566614 1
1.06143029233 1.76436666635 1
1.68198050557 1.31135793302 1
1.94670171904 1.21682097793 1
1.4456974947 1.36892323661 1
1.07561436964 1.13024800653 1
1.4616617354 1.16876460518 1
1.30909473313 1.6419165378 1
1.59381025621 1.02012589138 1
1.23574378929 1.81322101937 1
1.74448874298 1.68422776038 1
1.27087648456 1.22050835229 1
1.58899232748 1.07257978447 1
1.75325985665 1.5643722756 1
1.33536798807 1.73674278113 1
1.60101574251 1.22721590684 1
1.6646927323 1.9411696889 1
1.25988503619 1.7470758929 1
1.31097386775 1.53366954631 1
1.10510142083 1.47706527066 1
1.83395401088 1.15013712897 1
1.33318084373 1.27186380646 1
1.65149964127 1.38406445813 1
1.73632673678 1.67953453637 1
1.10565311461 1.58031666587 1
1.41696879463 1.48124857742 1
1.80454822872 1.67254181871 1
1.54175261835 1.94951899498 1
1.91125234107 1.21726603214 1
1.4616763308 1.55067511225 1
1.86675907656 1.46377545162 1
1.12134129012 1.69673348441 1
1.49813824665 1.23061543482 1
1.00639149795 1.66588425454 1
1.66933937799 1.6329132475 1
1.54012519462 1.68029395473 1
1.12593686801 1.83262741569 1
1.17310052874 1.31243354696 1
1.54490775028 1.97034035139 1
1.47788943328 1.1490190805 1
1.69586828997 1.62090352971 1
1.74765346528 1.24044692015 1
1.59119916418 1.79444553427 1
1.37698811615 1.2130899399 1
1.98460661967 1.26606417016 1
1.58973062992 1.98397653524 1
1.93829465947 1.55925081655 1
1.08094249579 1.14759316415 1
1.95518322787 1.58148335278 1
1.54065898286 1.58810900645 1
1.98406432561 1.87562215419 1
1.94986480193 1.24768451006 1
1.33107402653 1.67962983424 1
1.93013642957 1.3588091034 1
1.82886957358 1.37549096093 1
1.77154735783 1.88669666769 1
1.22644402287 1.84780842719 1
1.79347452922 1.2286558252 1
1.4569164268 1.14081844335 1
1.00444482085 1.95897223513 1
1.72083130436 1.87763438845 1
1.08563075652 1.04459337966 1
1.42005729938 1.03791716784 1
1.62012568141 1.96712882881 1
1.80993419914 1.86837645045 1
1.80758564179 1.54069003924 1
1.09514196393 1.17092998917 1
1.17298913611 1.1463213962 1
1.260840882 1.85290984684 1
1.07694772869 1.55055631946 1
1.48464626258 1.9031578075 1
1.89364898099 1.23893262703 1
1.11740357167 1.66530898684 1
1.9633473632 1.54135211099 1
1.46986831297 1.53149232334 1
1.87952087077 1.02369327895 1
1.9542723753 1.80736726655 1
1.03591450389 1.36786841783 1
1.8846292396 1.24920027222 1
1.24079719357 1.61132657947 1
1.34293767824 1.33354940059 1
1.11231204934 1.64495986665 1
1.95828363499 1.3979943697 1
1.76098287202 1.7627593739 1
1.15994847855 1.67282706274 1
1.36431088739 1.93980601565 1
1.9148159444 1.40033234349 1
1.57550132519 1.8107226272 1
1.87681918685 1.51504184709 1
1.27285205257 1.8512535569 1
1.80705484284 1.18894984465 1
1.98575394484 1.20709158122 1
1.79326524304 1.71238327653 1
1.13811492481 1.23331837452 1
1.87564623329 1.33641740917 1
1.1484042413 1.71727173056 1
1.9371480375 1.98534870283 1
1.97864511247 1.0382762161 1
1.46300548155 1.40135787792 1
1.50647861512 1.07651335047 1
1.38697356156 1.05724549295 1
1.16090158775 1.57587827244 1
1.71874599392 1.4907613025 1
1.74955304126 1.56263323386 1
1.87116992405 1.3585066827 1
1.57070151817 1.94004957477 1
1.7841179665 1.30751878969 1
1.97041654219 1.99341000602 1
1.63587576291 1.26113660444 1
1.55020243586 1.88867760523 1
1.08839335324 1.07113681853 1
1.18319036024 1.40075948753 1
1.58638770105 1.08314481093 1
1.66326747637 1.31342915977 1
1.95042441567 1.4186422559 1
1.23143770544 1.52197997163 1
1.18490576075 1.65669641775 1
1.38006216644 1.15349873658 1
1.94592944223 1.89426399564 1
1.06106694257 1.64946384913 1
1.24011351965 1.25708447038 1
1.43719361095 1.51043688203 1
1.54321982423 1.23593834824 1
1.40494314595 1.3025851246 1
1.66514886076 1.49999263355 1
1.23646328017 1.04612787107 1
1.38432049478 1.0317314153 1
1.2758929873 1.16723191485 1
1.25843658333 1.08075560687 1
1.86443950458 1.62685917671 1
1.10404720403 1.38737383872 1
2.83673037314 2.00819603617 2
2.8237491881 2.42910126605 2
2.92591742507 2.15700712629 2
2.47837654026 2.98575024948 2
2.85952125959 2.86174805025 2
2.15609669998 2.00744191652 2
2.80952113112 2.86118689347 2
2.40254546212 2.17546494354 2
2.5728393296 2.36417125144 2
2.956653664 2.51871967033 2
2.3773873209 2.60460797554 2
2.63650377865 2.38790750389 2
2.12374451117 2.64479539204 2
2.47102300066 2.25925064982 2
2.85487651892 2.06264403335 2
2.63403225206 2.39265096052 2
2.43169208933 2.30426973508 2
2.63849365863 2.70532506044 2
2.25840114476 2.20934472118 2
2.95251201101 2.84706277812 2
2.78736701015 2.07103206324 2
2.92026855229 2.45855658367 2
2.98201040712 2.56781182883 2
2.25755283262 2.19154277839 2
2.83223670042 2.24798641094 2
2.46755034719 2.23574916771 2
2.2415990489 2.03792895325 2
2.92887394062 2.34993372001 2
2.83993764269 2.49716149078 2
2.55312379514 2.65399837355 2
2.94343608297 2.2617638106 2
2.39975133762 2.57251289593 2
2.58406462984 2.45116165449 2
2.65932442419 2.65096486517 2
2.07005308669 2.45264750303 2
2.08042953465 2.3809870309 2
2.4475860234 2.30254003937 2
2.94373863616 2.22360896721 2
2.54759882555 2.935570109 2
2.78169737603 2.83875134221 2
2.730134614 2.62414265484 2
2.92133176799 2.60921174919 2
2.83017052926 2.03114919979 2
2.03931568182 2.98635905967 2
2.55434184864 2.50986874301 2
2.66294331039 2.8983674616 2
2.71365381871 2.6844153915 2
2.69504708227 2.04842616713 2
2.38961911718 2.76418496423 2
2.70287615504 2.19225258835 2
2.5349717851 2.38551256491 2
2.16555829042 2.68890039609 2
2.56468190632 2.42012799231 2
2.05797441227 2.53334175529 2
2.30661468777 2.52035645494 2
2.92429413325 2.28847577056 2
2.07319563812 2.71354039515 2
2.18633802883 2.40738125514 2
2.11709481977 2.49790236521 2
2.48074014615 2.34735780136 2
2.67928973445 2.79686733462 2
2.04800803898 2.29451301854 2
2.64303157777 2.69605382395 2
2.12281540036 2.09532772947 2
2.50542889069 2.43112184191 2
2.99999452129 2.03214011555 2
2.03672073095 2.38497241696 2
2.49740842078 2.79117994644 2
2.22596616888 2.7039079571 2
2.11647823236 2.18165804157 2
2.33778620123 2.75480647066 2
2.51516627216 2.82919146447 2
2.16777745111 2.78713056214 2
2.87523104053 2.75902902303 2
2.47261735733 2.18177623842 2
2.15762538355 2.67220136764 2
2.32279275046 2.1457153433 2
2.82175598725 2.30689834436 2
2.66369270133 2.15060591634 2
2.08355669454 2.3299646387 2
2.69668614485 2.78405258486 2
2.73328783121 2.57091167189 2
2.35077768022 2.44057300984 2
2.69688306476 2.47645238428 2
2.90121386819 2.62863329292 2
2.5767544804 2.6640570679 2
2.87445807771 2.34254658772 2
2.87811833258 2.21929039368 2
2.04799772541 2.93341916326 2
2.82036306335 2.42967155789 2
2.88449561345 2.74192744184 2
2.17423925368 2.96745758549 2
2.31923068753 2.21424300447 2
2.71751715108 2.04471120513 2
2.27758648506 2.64166424315 2
2.80690546174 2.96836926936 2
2.87375204342 2.36751735907 2
2.62173729848 2.57904157545 2
2.39872755414 2.95645479052 2
2.9544830183 2.07071149442 2
2.35573172049 2.84071587938 2
2.30905223276 2.55818424386 2
2.11154651439 2.51529335274 2
2.82862879873 2.64972650794 2
2.82406163498 2.86263183112 2
2.07059376676 2.27510445867 2
2.07710793714 2.6303110537 2
2.15003131322 2.9763514423 2
2.31185466783 2.62036993127 2
2.35020717373 2.72260016059 2
2.03709732086 2.7439132487 2
2.85312006892 2.94121295493 2
2.57414432655 2.98489502388 2
2.90552892034 2.82308018375 2
2.64278679084 2.77744879315 2
2.22008608296 2.77995381664 2
2.23510965482 2.4659473185 2
2.16460466519 2.37898631176 2
2.97097692445 2.8527460978 2
2.27628233273 2.19483545166 2
2.82140047897 2.09345543073 2
2.26298907331 2.43172728419 2
2.56825910152 2.35864470437 2
2.24100396034 2.84828014969 2
2.90493871354 2.07118657031 2
2.92491085864 2.42812136582 2
2.48173020935 2.00955554112 2
2.56383868423 2.87371266366 2
2.30466517275 2.05136966392 2
2.91823361389 2.48102003524 2
2.86523060368 2.84260802158 2
2.01305458211 2.34976929031 2
2.66349796036 2.19556706564 2
2.5962822135 2.75875785042 2
2.71225790451 2.81301874845 2
2.4405863529 2.09553345193 2
2.9758650368 2.78652253654 2
2.44877161516 2.04525867416 2
2.37723768715 2.39255711947 2
2.1128375858 2.09024487806 2
2.8086833568 2.92542817839 2
2.15744503323 2.42662503904 2
2.1125690307 2.61855107198 2
2.68379042098 2.4370445364 2
2.78580344862 2.80480385849 2
2.35659579592 2.47955724319 2
2.91738819381 2.64140280424 2
2.09557607474 2.16858465329 2
2.5929377258 2.04068067285 2
2.31775685648 2.17552493459 2
2.75030875071 2.18480889589 2
2.95318507198 2.40333388766 2
2.46501090144 2.13999722543 2
2.51743947809 2.65807252806 2
2.12368301328 2.81154528178 2
2.50074592858 2.10977331909 2
2.93955786227 2.40697070996 2
2.56676242454 2.85860943491 2
2.15945662873 2.56518699295 2
2.75260359282 2.58484647492 2
2.82746195416 2.00594795836 2
2.50108353328 2.09034726366 2
2.5702662137 2.53697861672 2
2.77241111729 2.95341165228 2
2.95841260335 2.67551553416 2
2.11493616208 2.0168135288 2
2.71001307233 2.56093526929 2
2.71893175022 2.89889544743 2
2.97048710383 2.24580618455 2
2.08288314792 2.0772904211 2
2.66812505799 2.91162103901 2
2.53901035886 2.53697192863 2
2.16319493594 2.84980579268 2
2.63782267882 2.51256989028 2
2.95601226117 2.68567188947 2
2.17932695934 2.68173062217 2
2.44462443824 2.50568011188 2
2.05260293867 2.75449049408 2
2.23532087549 2.04236552656 2
2.87146280345 2.93567929193 2
2.84407507178 2.51007334967 2
2.02129996692 2.83310195988 2
2.87596070333 2.25872072299 2
2.48942050721 2.00898721204 2
2.31256842694 2.12870489229 2
2.29712227831 2.25497358149 2
2.20085367275 2.92544401521 2
2.86591298806 2.92360220062 2
2.55314168029 2.94883928487 2
2.28361118079 2.66129821855 2
2.596579117 2.98870425237 2
2.49483541374 2.34356977297 2
2.34386852297 2.21300707731 2
2.82611939847 2.13461025248 2
2.81557632951 2.75067379459 2
2.20110637802 2.94677684306 2
2.59722358866 2.0504281439 2
2.68873814254 2.45788812707 2
2.89871277096 2.35139379083 2
2.3878663902 2.32431652839 2
3.64761190954 3.59761580054 3
3.69048791421 3.09372798389 3
3.44060280118 3.1927812211 3
3.78580551349 3.66966523938 3
3.45656121454 3.19846976478 3
3.74119091893 3.33802497431 3
3.58949379366 3.95607827394 3
3.91807901794 3.1640126824 3
3.42390213393 3.47569365102 3
3.06486655096 3.14800398382 3
3.49163494524 3.41665910902 3
3.77313519286 3.81670316781 3
3.62090110831 3.64751618632 3
3.28691240075 3.53035320247 3
3.51384694875 3.6540842387 3
3.02202133338 3.1050257261 3
3.92942036141 3.3777579231 3
3.28113654674 3.57967364219 3
3.32231008266 3.51449376973 3
3.70202713673 3.37651301521 3
3.39809032018 3.33375026205 3
3.63099037625 3.32503483603 3
3.13997768214 3.62981228521 3
3.11802708194 3.54209228954 3
3.98928103028 3.32033368748 3
3.11039060856 3.76947623556 3
3.31592732451 3.09554775758 3
3.58437692681 3.06400673032 3
3.2844159632 3.24721075106 3
3.9390537852 3.98810396914 3
3.11215631765 3.6999478069 3
3.15634636768 3.61831896662 3
3.30108259441 3.76698421016 3
3.97572811655 3.54551405537 3
3.64510290994 3.03586903755 3
3.37431994886 3.65843578387 3
3.09480834949 3.41115140869 3
3.83569376325 3.49796914359 3
3.99261381435 3.61361292482 3
3.93837034793 3.47101107897 3
3.99789537393 3.16891894144 3
3.6255234346 3.30302301716 3
3.90021757317 3.34583391001 3
3.9103916465 3.65451714888 3
3.23420308038 3.61343908949 3
3.63128265327 3.0859845644 3
3.61241521512 3.50221082565 3
3.45076045588 3.60232257547 3
3.397381356 3.07195715412 3
3.39564479908 3.75699610926 3
3.62670566512 3.62677754816 3
3.4540341744 3.17277450849 3
3.5400056926 3.71662603907 3
3.78090830978 3.63045043141 3
3.89145026413 3.12761038918 3
3.36417990881 3.85121144614 3
3.64224959536 3.07291882687 3
3.18473160613 3.95001769851 3
3.03677625206 3.96968288884 3
3.17312499002 3.86096763322 3
3.3407460168 3.97735880432 3
3.59490434338 3.12480444341 3
3.13636822419 3.8298323282 3
3.82878376892 3.68987049933 3
3.15795404666 3.74237315851 3
3.95146654591 3.00902021304 3
3.74607016701 3.01236820278 3
3.51205389737 3.47614876497 3
3.09060501184 3.10392410083 3
3.23039536877 3.59741428582 3
3.85261842427 3.96983011284 3
3.09897956612 3.89638210939 3
3.47543122971 3.01223429229 3
3.22788900728 3.1416650946 3
3.46119212631 3.98162529937 3
3.37953002761 3.26077589089 3
3.34738702111 3.60343594608 3
3.42228071492 3.21397000051 3
3.21611293752 3.18062319909 3
3.54650501162 3.75750370199 3
3.60639034444 3.44310609436 3
3.36690546171 3.78582269045 3
3.70795693905 3.15294494005 3
3.73883215675 3.99255759375 3
3.30419785522 3.08255141262 3
3.1660055075 3.29222774629 3
3.3445729777 3.90867882318 3
3.86773623389 3.64121598569 3
3.86066296148 3.55750053915 3
3.71770135376 3.42930421511 3
3.89468850508 3.06447611257 3
3.78656190559 3.88964401517 3
3.03057365802 3.60642247913 3
3.9748473364 3.38800496361 3
3.78484520832 3.00703793799 3
3.00375406997 3.29329942429 3
3.03958151184 3.57529644306 3
3.71277727623 3.89344785984 3
3.72257036243 3.69329486657 3
3.81443584789 3.53736950588 3
3.85918033091 3.71837872168 3
3.63091624611 3.97856626085 3
3.38785080158 3.10824119135 3
3.53308235111 3.87581851162 3
3.28296693549 3.43907290323 3
3.12655680776 3.11894434148 3
3.81758888316 3.22112380952 3
3.37939003038 3.15444253686 3
3.79748202427 3.51900356019 3
3.55176381954 3.36302123894 3
3.40151449146 3.88083765191 3
3.26136483151 3.73636520757 3
3.76869255627 3.13832839788 3
3.60752697523 3.94811278074 3
3.39639818102 3.43332034198 3
3.00098191387 3.89074870926 3
3.38174428581 3.71298482928 3
3.31920862672 3.25458311998 3
3.71953950383 3.10077737022 3
3.77175481836 3.53948551274 3
3.59005874484 3.30993353666 3
3.46291376044 3.7094747157 3
3.78239209823 3.29470424241 3
3.79212739008 3.13348303209 3
3.83897084077 3.3299782692 3
3.00915280137 3.60289343075 3
3.88050578729 3.42978285684 3
3.16264634176 3.22658648369 3
3.27911782678 3.16963801449 3
3.1372936162 3.65127579207 3
3.97349032277 3.51869347822 3
3.82327189074 3.6170077574 3
3.08540194638 3.64852780739 3
3.50906598316 3.28425878235 3
3.00825033996 3.14796208453 3
3.02511711728 3.66518213611 3
3.6251483909 3.90318977459 3
3.21442997689 3.17901864669 3
3.28167895348 3.67614856202 3
3.23640911885 3.79769500183 3
3.75769919472 3.79153121391 3
3.4592847625 3.09194488566 3
3.54515791019 3.90936307293 3
3.4556128483 3.84903618589 3
3.35703105344 3.89509545119 3
3.83078008133 3.65046196065 3
3.91781844091 3.61529723004 3
3.75408174405 3.63427097144 3
3.76406141029 3.45053580847 3
3.77498876642 3.9062993846 3
3.58894203207 3.88865321653 3
3.98429918191 3.98006677635 3
3.708665618 3.97596916438 3
3.13675577896 3.56742148622 3
3.25163834706 3.86945554391 3
3.99662509984 3.24232996772 3
3.18469195361 3.04538177259 3
3.90331248174 3.34786144878 3
3.95871186635 3.45483393686 3
3.48906686117 3.77304819063 3
3.27527208731 3.0648784863 3
3.50385419452 3.63363679622 3
3.52731723656 3.77339586078 3
3.10224821044 3.25742509151 3
3.91403366916 3.63034644181 3
3.65341366789 3.97255830977 3
3.92196025357 3.92973932638 3
3.77938089525 3.39139730876 3
3.12216797647 3.90179747839 3
3.74898053937 3.09054149127 3
3.3237286905 3.22698411667 3
3.05926078683 3.84056414389 3
3.03153687967 3.40091630981 3
3.22627453063 3.30889223303 3
3.13649714479 3.22575973838 3
3.9609529448 3.90195920929 3
3.13467895852 3.49038129873 3
3.21809589181 3.18078695671 3
3.64460419609 3.4081220985 3
3.29438062627 3.79307619136 3
3.75125457856 3.85862128598 3
3.47937687452 3.68222562702 3
3.70035279174 3.0966114476 3
3.8950585487 3.044788534 3
3.93281558133 3.35218383158 3
3.65117506481 3.92340425198 3
3.74281791623 3.4360725403 3
3.39485087017 3.03617099575 3
3.24070839563 3.74885394797 3
3.91089199655 3.40094322197 3
3.88957620298 3.69682416461 3
3.7115733017 3.12763409831 3
3.40193169786 3.83264357884 3
3.59134311171 3.53200694273 3
3.23790221176 3.00846362882 3
3.20366646019 3.79533175657 3
3.99424922913 3.9972513799 3
3.41021830987 3.74097997364 3
3.41975966092 3.65623800973 3
3.62290258056 3.70273121172 3
4.55040754484 4.48892649767 4
4.65784465203 4.0978488073 4
4.80817666545 4.57687633355 4
4.93048576354 4.65152538074 4
4.01737557772 4.80325482515 4
4.37532899136 4.14439147402 4
4.08688253397 4.04318479173 4
4.14524088123 4.3735957813 4
4.23973574358 4.34372765652 4
4.13010396182 4.59085361316 4
4.65886639874 4.22256102047 4
4.43378532165 4.72107390656 4
4.13415747441 4.59729481737 4
4.07294373819 4.74307597934 4
4.89325627715 4.22683750182 4
4.88352656713 4.55554421572 4
4.81445734151 4.43802095345 4
4.07461737171 4.26764470294 4
4.60370591774 4.10759133269 4
4.6705366301 4.35886549985 4
4.42408621468 4.29745337677 4
4.49325706928 4.65174984561 4
4.53212966321 4.02872228251 4
4.17999567627 4.62856823826 4
4.11461545109 4.59217966098 4
4.19627391242 4.4142616633 4
4.25493278569 4.96634297431 4
4.17198109519 4.1964041635 4
4.682406306 4.55146869204 4
4.78288653077 4.74595200459 4
4.76865911614 4.93886695369 4
4.89100054457 4.26283000241 4
4.18508514635 4.84109402205 4
4.18164694434 4.75402169381 4
4.57293201847 4.66754014675 4
4.09948256377 4.13869464178 4
4.48289441991 4.97011910058 4
4.95203094606 4.13367625119 4
4.36136508043 4.42434991437 4
4.68190948606 4.9033948519 4
4.04662758263 4.89510510564 4
4.6337961622 4.53588653554 4
4.01103573103 4.2859510149 4
4.53125877659 4.38132268659 4
4.88224399635 4.13039737314 4
4.83663560736 4.57472873779 4
4.32581325888 4.63735543156 4
4.75778909506 4.05942045672 4
4.19989305277 4.01749734827 4
4.23306286416 4.26734515376 4
4.96688621871 4.87190198199 4
4.80758819772 4.84462480749 4
4.93420605815 4.43802824247 4
4.23357164635 4.9786508672 4
4.92682746173 4.70379450892 4
4.76697973099 4.73504216203 4
4.03720554436 4.74552978506 4
4.34389204914 4.88201783083 4
4.00040015207 4.57236763971 4
4.19171567015 4.62401211849 4
4.77135126059 4.12202562103 4
4.15207223178 4.40638289456 4
4.67066594574 4.98830842295 4
4.78416168221 4.01160405753 4
4.45801254289 4.55221859143 4
4.53589898248 4.96900892128 4
4.70325975313 4.53047381614 4
4.54867225193 4.21819626109 4
4.0954286041 4.61782075621 4
4.08194195759 4.6214603226 4
4.01049762622 4.97610534244 4
4.88374011435 4.85526288453 4
4.31552680904 4.13440589045 4
4.93899248015 4.15503695775 4
4.0257527523 4.72334950788 4
4.30124059 4.74641319033 4
4.21840028456 4.66309364249 4
4.46794743527 4.13159396715 4
4.71229928598 4.6779430101 4
4.66897340559 4.5560131584 4
4.44103359467 4.99504031132 4
4.69165230567 4.40398317927 4
4.19540728917 4.25981099499 4
4.0798203755 4.67528284741 4
4.59957747927 4.19097057563 4
4.81398470368 4.69664341516 4
4.9184777631 4.31369368132 4
4.5043418758 4.05597075012 4
4.17845078504 4.10045504814 4
4.94194182036 4.47886230426 4
4.68940860787 4.51393186039 4
4.44345321803 4.92309626198 4
4.87187607387 4.24362114155 4
4.74421414332 4.53789222596 4
4.86965848961 4.03957125673 4
4.02272116577 4.2239493726 4
4.13306618071 4.79871110917 4
4.70765449459 4.57092742751 4
4.1358760654 4.39433766924 4
4.93955982488 4.24721267494 4
4.74492043144 4.69464424431 4
4.83558450168 4.14232824637 4
4.83523658971 4.3904673699 4
4.83318014523 4.27194363166 4
4.49329110407 4.28857384664 4
4.95582907379 4.88146420906 4
4.72690888325 4.28111727311 4
4.74468827879 4.10113232848 4
4.62748576772 4.51887555719 4
4.49415118781 4.36708039241 4
4.76605967947 4.19065994475 4
4.75753189579 4.19663974461 4
4.58145067349 4.7180923744 4
4.84285379066 4.03306122567 4
4.51679591037 4.9692906217 4
4.78166040082 4.52157063344 4
4.85462583236 4.53518885534 4
4.05692684088 4.78861415556 4
4.20861501987 4.41734015829 4
4.52254206102 4.26730446783 4
4.38442807699 4.92865573969 4
4.25792460104 4.24524225562 4
4.05459326248 4.59843516115 4
4.05646271665 4.34372456652 4
4.87968069676 4.52623270783 4
4.38721327947 4.19218260693 4
4.81649544026 4.48041137055 4
4.53458894478 4.16311062362 4
4.51843660652 4.83654726702 4
4.70416900557 4.18908072617 4
4.92023847257 4.0330058364 4
4.19529053948 4.12750340404 4
4.74862737016 4.23272486372 4
4.38687691722 4.00758366607 4
4.56559895648 4.89545318138 4
4.43844347215 4.50971708011 4
4.95735763931 4.31602222795 4
4.06946111538 4.90908314649 4
4.35704851862 4.13954876409 4
4.60900147982 4.70329612325 4
4.4258758005 4.34137734231 4
4.38229780922 4.11662465191 4
4.74990363804 4.31553628552 4
4.35784682742 4.80409864442 4
4.86476528685 4.41248957566 4
4.38830448726 4.01764184215 4
4.32456066005 4.29710599429 4
4.78959020219 4.14031752492 4
4.7426631362 4.68150432411 4
4.88573714628 4.42983254403 4
4.45727133884 4.19697950058 4
4.09985821711 4.33123013957 4
4.56987406464 4.62779332324 4
4.91626921646 4.48630770174 4
4.58802254532 4.05242268809 4
4.41827216648 4.91383969591 4
4.98173741197 4.16402109182 4
4.24707038592 4.16515841968 4
4.96839883972 4.59315196135 4
4.92623170304 4.83584460676 4
4.11804194411 4.16497384034 4
4.46735961104 4.38713245815 4
4.34502386596 4.81462258069 4
4.77942902832 4.8336331005 4
4.82662221438 4.74412804855 4
4.07657136996 4.11414083665 4
4.36679513532 4.61475156955 4
4.97863218109 4.52744400307 4
4.44049286134 4.18745923999 4
4.05987304893 4.59316214458 4
4.05284832805 4.7864004728 4
4.05054137036 4.03628126601 4
4.99330384619 4.88517815953 4
4.04189564289 4.30026847368 4
4.13923898332 4.61549863292 4
4.17227443081 4.96223374614 4
4.73518393698 4.82563077621 4
4.90473605628 4.86530600154 4
4.70902017868 4.89408955415 4
4.13518372812 4.76333532224 4
4.98140859171 4.49035840179 4
4.09485531201 4.00679511194 4
4.0345359471 4.46043112667 4
4.51553075558 4.37117420742 4
4.33573259485 4.57834591819 4
4.83768523915 4.99238350225 4
4.80677649115 4.19767881628 4
4.95289981181 4.88649920609 4
4.235518739 4.72513241868 4
4.04652725162 4.6511948258 4
4.09907490468 4.28084367519 4
4.33820074958 4.3994042392 4
4.29080369393 4.12355099678 4
4.86464416437 4.23301274698 4
4.30727021814 4.98964988896 4
4.41272326181 4.29247033111 4
4.37304660987 4.89043800695 4
4.32929831383 4.94936761791 4
4.56058259333 4.2070317665 4
4.79143909637 4.36537116056 4
