1.47764001506	-1.10757133003	2
2.04727890347	-1.21906620516	2
1.49849879844	-0.77762797644	2
-1.28971119283	-0.0458450491033	1
0.853860227813	-0.427634079696	1
1.6040749588	0.211519236955	2
1.12846839282	-1.41015123965	2
0.593967786092	-1.02365951231	2
-1.36866665744	-0.109629596142	1
1.78556720545	-0.621962916589	0
-0.228508050648	2.6902365368	0
1.93819486471	-0.609341872752	2
1.58735923929	-1.63624010351	2
0.434220516905	0.741360660338	0
1.82633378508	-0.454209567758	2
-1.98684630652	-0.993748849907	1
1.38473905886	0.717018179018	0
-0.440522730782	-1.5006634798	1
-1.34664810716	-1.20333342855	1
0.0615571637501	-0.155844610857	0
-0.981553530043	-1.56567689546	1
0.828457945015	1.55274357957	0
0.0364734919169	1.47891194842	0
-1.33464638843	-1.18053009742	1
-0.986594112239	-1.08883511676	1
0.0437672763691	-2.0331249944	1
-0.782355684075	-1.55439608231	1
1.92853379565	0.652791175298	0
0.983709512288	1.78540073622	0
1.62331508418	1.41811993826	0
0.615506098669	-1.66801859092	2
2.41368972763	0.606489412313	0
-1.51785043797	-1.42121328404	1
0.34815867309	1.65235671334	0
-0.00356354732485	0.376527842314	1
1.59153835692	-1.30930215502	2
-1.85938641523	-0.204986444595	1
-0.677781055737	-0.255636822246	1
-0.049827411296	-1.19947667545	1
-1.27654516377	-0.899734076203	1
0.748797311192	1.2859038058	0
-0.288943903531	0.200397902719	0
-0.481143466557	-1.85000868765	1
-1.10016393607	-1.09032548175	1
-1.27068902778	-0.957676560791	1
0.303190830383	0.397086320303	0
1.12609791282	-0.453099854671	0
1.12232244136	1.84550108957	0
-1.3359548785	-2.15071209255	1
-1.22342980108	-1.61569567619	1
0.8394868477	1.64093990174	0
0.644797129724	-1.86566238584	2
0.5130348209	1.42474635932	0
-1.47874255436	-0.965089715268	1
-0.286681528871	-2.03921973616	1
0.766527162024	1.89334677118	0
0.876116359364	0.927757054051	0
0.801119675332	0.519054955795	0
0.645035268111	0.818265311842	2
0.804381436405	1.36647599306	0
0.976315315399	1.41928764746	0
-1.53125862515	-1.42550711743	1
-2.09408503225	-1.06067105873	1
1.23768569445	-0.740532260912	0
0.441567208831	1.02206146901	0
1.12856029855	0.745835960526	0
0.896813531846	1.14688915213	0
-0.42034221094	-0.889447386319	1
1.60579906151	0.913247558704	0
1.77603937846	0.515764276728	0
1.0415655767	-0.00959998855069	0
-1.33129366151	-0.689708360739	1
1.40163215914	0.683116674234	0
0.909450670051	1.31330382809	0
0.577964154082	2.18569405719	0
0.574623102975	-2.05032818368	2
1.72827417334	-2.05539301868	2
2.4405546425	0.85928269811	0
2.10267237353	-1.75968560554	2
1.01033101407	2.08494680486	0
1.45508452204	-0.420013135557	2
0.779195189377	-1.35450702111	2
1.77290050435	-1.20606854103	2
1.68879129606	-0.496092487306	2
1.56925863388	-0.413650431673	2
-0.950240650452	1.45085079168	0
-0.0622697098456	-2.6232703346	2
2.33307390943	0.835674623415	0
1.2756408496	-0.420716339801	2
0.880130226815	0.285717289651	0
-0.118312456942	-0.794156182964	2
0.256431991409	-0.800985164871	2
0.741457894504	0.764093159531	0
0.640032827566	-1.26435735533	2
0.807951948863	-1.52930331611	2
1.79279758725	-1.0301173861	2
2.32173476728	-0.711311971788	2
1.93153682162	-1.56241309181	2
-0.216290913541	-0.629533589228	1
1.07809507651	-0.858140998725	2
0.650805249662	1.56224127548	0
0.639091656981	-0.100608206564	0
1.25069809838	0.845316212384	0
-2.26993538822	0.38017164407	1
0.915662198258	-1.02963321582	2
0.854842738829	1.13319791676	0
0.705226610113	-1.94292391968	2
1.85800467671	-1.2121302585	2
1.06350333915	1.04532493587	0
0.4596323466	-1.1757413503	1
0.0172493785496	-2.22209657019	2
1.13612060718	-1.04357651279	2
0.275793404528	1.59532140867	0
0.182611621917	0.0254006171221	0
-1.10213111229	-0.9823775236	1
1.21996639707	-0.208727547772	2
-0.348003436658	-0.939177241099	1
-0.398218748866	-1.09702095527	1
-1.95070402163	-1.74447728414	1
0.75208953345	0.78775427169	0
0.236683788036	1.7309392158	0
1.98865849195	0.951121692007	0
-0.209407440224	-1.68404417664	1
-1.05104129805	-1.10109069159	1
-0.874004564686	-1.17727536924	1
1.39372284406	0.573840101014	0
0.649644875604	0.438021123623	0
0.911559588484	1.18679846626	0
0.931557509718	1.00188950106	0
1.71446189157	-1.18186781765	2
-0.963055518036	-0.156068117223	1
0.963648366457	1.74382821777	0
-1.52764729507	-0.136296666674	1
0.568730011919	-0.635814802096	1
0.748781232786	0.792357429686	0
0.307623624286	2.12052842491	0
1.19796916821	-0.973941713225	2
-0.276807155967	0.42359330303	0
1.22391938552	1.02069247168	0
1.46830710771	-0.249710002057	2
-0.263427297428	-0.941839954178	2
-0.152603044302	-1.21436343808	1
1.10006930228	0.620642375624	0
0.943735516627	-3.35405440049	2
-0.503118950046	-2.06754345035	2
-1.64840950269	-0.504269995363	1
-2.25592879203	-0.708007076373	1
2.11050627899	0.558829140167	0
1.25505166881	-1.99831284445	2
-0.036004867251	-1.69105291581	2
1.76900289466	1.88124664157	0
-0.0529191918065	-0.244303974602	1
1.14843008893	-1.08232896653	2
-0.296602346195	1.13313376718	0
0.127139989553	0.369066404932	2
0.149196306164	-1.1648191863	2
-0.149049255424	-0.532566663037	2
1.40387125627	0.681935890935	0
1.66223982247	1.13593472037	0
0.158037104016	-0.144376558827	0
1.41629020538	-0.465480965308	2
-1.2704569585	-1.08113209213	1
-0.804398822435	0.509771099373	1
0.145139006281	-1.05144917462	2
-0.829929475575	-2.71909932894	1
1.01661916975	-1.2235034096	2
1.68911311232	-0.0688048610264	0
1.9721197555	-0.0748947811722	0
0.960776131904	-1.83216548656	2
0.712019363593	-1.15154055567	2
-0.0430908073796	1.20628684546	0
1.13224053338	-0.286913293924	2
1.60046447327	-0.128127450909	2
0.938863534996	1.0815350995	0
0.811775216275	-1.68259524823	2
-0.0790571791981	0.45230079043	0
0.230841108866	-0.9574697357	1
0.18236067144	-0.621719778339	1
0.339192041827	-1.21686838896	2
0.443698794615	-1.08789404485	2
0.503335051535	0.493344822673	0
1.6802642069	2.17002232066	0
0.343847585653	-1.5044379229	2
0.311527309888	2.38869871274	0
2.14375318259	-0.59187491408	2
1.35789785701	-0.477231207403	2
0.728041731747	-0.457232950968	2
-1.83929231465	-0.195251807246	1
0.754235424681	1.23826241872	0
-0.627472313175	-0.871494651902	1
1.48592648156	1.15048594676	0
1.21159740054	1.24209798501	0
-1.61381326994	0.472156951495	1
1.42376423997	0.199641711671	0
1.14683506269	1.04850806259	0
1.21134993182	-1.19897747542	2
-1.1266434769	-0.939330731278	1
-0.114491014878	-0.377780652756	1
1.15223529152	1.23363145278	0
1.54541897764	-1.05318897315	2
0.840111341918	1.01880574864	0
-0.453682243817	0.136086985961	1
1.13128343159	-0.0984169372634	0
1.44592392408	-1.14692230089	2
0.200330837159	1.14958661244	0
-1.00475416551	-0.994428685308	1
1.78674951401	-0.274272417095	2
1.4053893832	0.309382623521	2
-1.65499182756	-1.36632406915	1
1.76085017615	-0.0922647795765	0
2.24081443676	-1.74165909891	2
0.41126963101	1.09185827795	0
-1.49617575107	-0.719933653567	1
1.14006948358	0.619057396658	0
0.294941087351	-1.17823141916	2
0.0741721768407	-1.90945940222	1
0.422748936764	0.817321117698	0
-1.3748120205	-1.15833258561	1
-1.49443422026	-1.43901113608	1
0.910776732417	-0.460144530833	2
2.35772464241	1.44316054445	0
0.920220817161	-0.880427620223	2
-1.32153566876	0.522210326726	1
0.756192528306	1.44389887838	0
1.51632304333	1.23862512246	0
-0.642189472076	-0.393931557981	2
0.915678492213	-0.715703035439	2
1.30220838701	0.499180238186	2
0.133554918436	0.57862215195	0
-0.314281376206	-1.63467041751	1
0.581487775852	-1.92593270885	2
1.54426275608	0.484930767191	0
0.892686057466	-0.536164173437	2
-0.315414907634	0.722819786237	0
-1.56793963523	-1.34737556308	1
0.598255945575	0.393974257644	0
-0.0298273708359	-0.954816844461	2
-0.591534471199	-0.715084365953	1
0.661871142398	0.843025489761	0
0.408179478784	-0.298469536238	1
1.45922194697	1.55455765376	0
0.230727444411	1.78228036562	0
-0.987995908027	-0.913693633882	1
0.436514325445	-1.55422433498	1
-1.59245291819	-1.70981207582	1
-0.913809957079	-1.61219371765	1
-0.275114027196	-0.26278714671	1
-0.823960791432	-0.260921194878	1
-0.69418886376	-0.688344901667	1
0.0479199267307	0.62952143318	0
1.59832210202	0.403331485445	0
1.14595670114	-0.401626697473	2
0.713474259397	1.71626122037	0
0.294777088554	1.02459571322	0
0.982669430377	0.73424850078	0
-2.44957680423	-1.20556506306	1
1.58344750977	0.759659585596	0
1.08107590816	-1.80628178797	2
1.25320477115	-0.888886156449	2
-0.0809036318218	-0.695065229362	2
-0.365679551257	-0.369975480116	1
1.65840890664	-1.59149121537	2
0.299813951422	-1.18750135648	2
0.238803092545	-1.25034667628	2
2.53019859393	-1.33163577613	2
-0.77794438702	-1.47730506938	1
0.328994593829	2.19669791303	0
1.26177723022	1.41815627246	0
0.204711375401	0.326822203735	0
1.0066802653	1.78259678568	0
1.28605125012	-1.29878242347	2
-0.605036857941	-0.905187187167	1
-0.410899874572	-0.722823313276	1
1.36587197309	0.526428006283	0
1.69379345034	-0.18771038736	0
0.379176474672	1.44043420182	0
1.05105787591	-1.81167906875	2
-1.71527015741	-0.777493266944	1
1.08972684297	-1.98406196143	2
1.7578627342	0.56234547253	0
1.02257579151	1.28867565012	0
0.0403653544675	-0.538585355133	1
0.289565618859	-2.18321789603	2
-0.834401803405	-0.574224396917	1
-1.31696440047	-2.20486726464	1
3.00185561675	-1.95503057667	2
2.08995182338	-1.36505062494	2
-0.677193764508	-0.936863424929	1
0.818948034276	-0.392179067978	2
-0.842430990041	0.197634658672	1
1.13286991226	-1.88487400711	2
-0.275570870338	0.112029725853	0
0.418647134931	-1.63044349262	2
0.734277842351	0.0787301902719	0
1.14755824718	0.74826263538	0
1.27341749675	-2.14018347428	2
-0.503576307693	-0.383550352699	1
1.01489767606	-0.719036890816	2
0.839370695918	0.0828848620819	2
-1.61525205852	-0.0235530028255	1
-1.66921858068	-0.664547253782	1
0.790542370796	0.590186794282	0
0.195455143905	-0.12958382661	2
-0.419588212025	-0.453819552293	1
2.51304053018	3.35599858962	0
1.5741643021	-1.79089105694	2
-0.702500232626	0.149976830279	1
0.372441784359	-1.8639277639	2
-1.28386086065	-0.882679004153	1
-1.58423443719	-1.92992277397	1
-0.591324175283	-1.15276523233	1
1.60322177919	1.75175345425	0
2.02924764326	1.36863100339	0
0.213267674883	-0.853393408863	2
-1.23681640784	-1.34755590953	1
0.732123915093	0.536768550541	0
-0.947921719043	-1.21587412685	1
-0.271936459596	-1.73143287723	1
1.10604006463	2.69511437179	0
-1.05709130023	-0.836135522947	1
1.20714676686	-0.0767912404994	2
1.21904588532	-1.67553186478	2
0.952064906733	1.90611384783	0
-0.979222112118	-0.460929358014	1
-1.31094551782	0.122822252588	1
-0.936912393441	-0.451178503173	1
1.51492673285	0.325415555829	2
-0.588704867065	-0.500971367239	1
2.4238338059	-0.517275841548	2
-0.919723517346	-1.70684622496	1
1.29908057301	0.546036276323	0
-1.03737632268	-0.716300093798	1
0.673057222838	-1.49486154792	2
0.997853074606	1.11268616837	0
1.26585348771	-0.328006148948	2
-0.974243567341	-1.62851217384	1
1.37638423018	0.417882003579	0
0.684073676715	-0.642683382692	2
-0.657838331471	-1.05791409041	1
1.2364311948	-1.92567270677	2
1.10812798472	1.60003034377	0
2.21880261444	-1.62191674185	2
0.694669377674	1.01015392073	0
-1.45785483032	-1.89960100311	1
1.00115089165	1.12831174632	0
1.56352181353	-0.611013504914	2
1.88171175486	1.88504827302	0
-0.258536590481	-0.403842952547	1
0.699244478388	-0.628802087014	2
1.19871808701	1.04638345107	0
0.423222325142	-1.51977884831	2
0.933026756354	0.47349962375	0
1.25769457985	1.0317224315	0
-1.06065364779	-1.54206705792	1
-0.327272395357	-0.687005818711	1
0.601929124085	1.01273227677	0
0.158883545182	-1.66549146964	2
-0.0922357571186	-1.00232407896	1
-0.637761667067	-0.766282688735	1
0.784703839066	-1.17882335803	2
1.38043557906	-1.54509852858	2
-1.95382098397	-0.656946383143	1
1.80041063815	1.29669455031	0
-1.43780702656	-0.763766814237	1
1.47144094858	-1.3585974578	2
1.36328993074	-0.956530478606	2
-1.48414720159	-2.27931739104	1
1.8669014635	1.089350317	0
2.54168051975	1.95213160347	0
-1.85595244394	0.123399832217	1
-0.493363832435	-0.616982834238	1
-1.49956433288	-1.98357819726	1
0.248075577776	1.56715824258	0
0.738225368992	-1.52815183502	2
-2.12989531997	0.0182531671146	1
-1.95173307084	-0.596114134522	1
0.360841429681	0.928714119684	0
1.68984758287	0.313959242998	0
-0.800194853391	0.0445110446057	1
-1.99255180894	-1.88714192572	1
-1.56965032271	-1.17037916008	1
1.27685376829	-1.15778394357	2
-0.650623478821	-2.16784347845	1
-1.33621693797	0.0279911387097	1
0.181156922466	0.144469808229	0
1.78080389611	0.199877496225	0
-0.182495384978	-0.902167218868	1
2.24235693089	-0.293650823956	0
-1.04706477681	0.845687803443	1
1.04155203231	-0.824748500362	2
-0.186945481996	-0.82515545792	2
0.352257937149	0.658396712513	0
-0.0255066918542	0.120130841337	0
-0.781424073361	-1.01704532412	1
-3.45436613028	-1.86902924693	1
-0.476482092703	-0.807907643201	2
1.84903102929	1.66700290137	0
1.20147658974	-1.04858332998	2
0.453016472496	-2.22707706307	2
1.20765567471	1.13490302098	0
1.19874535694	-0.285293801629	0
1.62954390466	0.66188264078	0
0.933347942881	-0.805278152432	2
1.5425007936	-0.828848787086	2
2.34216321794	-1.31378377248	2
-0.672489862523	-1.66975047062	2
0.178998341214	-0.691534961173	2
1.76463743048	0.752705022033	0
0.540170229659	-1.24701439405	2
0.347956769015	0.626982156006	0
1.55680776302	0.539053856942	0
-0.263744235795	1.2626800351	0
0.0938741735463	1.65987793099	0
1.13386763029	0.939721290086	0
0.542205360844	0.740215695373	2
1.09261953646	1.26140855057	0
-2.02241255848	-0.840969032488	1
0.683297553413	-1.63201103771	2
-1.83729555171	-0.307934170281	1
1.2211371954	-0.309163125936	2
-0.802304049912	-1.85881320435	1
0.181900225005	0.419430541075	0
1.23249897149	-1.02912178671	2
-0.0340911252326	-1.80602967408	1
1.51692236243	0.724561220196	0
0.934973964979	-1.77234698341	2
1.16543529563	0.194587807028	2
-1.76207374658	-0.202891945595	1
0.909691876076	-0.236895277942	2
-0.120692634391	-1.08039244412	2
0.766789746673	-2.02349677913	2
0.854749643499	1.64811823185	0
1.09990503526	-2.60295723326	2
-0.541414867355	-0.814961824731	2
1.10206601947	-0.802404235639	0
1.59719611952	0.591614737941	2
-0.715910025541	-0.00391651465331	1
-0.452076401603	-1.29270569019	1
-0.913144727824	-1.01936560381	1
-0.516791724292	-0.462810176786	1
2.16881971674	1.83745503177	0
0.812194288978	-1.52089847496	2
-1.58342301097	-2.37049901577	1
0.62354066035	0.923696892224	0
0.817999059878	0.936854944205	0
-0.424645487197	-1.22908449706	2
0.0318162606299	0.823009768419	0
2.16246318579	1.39024966339	0
0.950744216411	1.23730141425	0
-0.85002168305	-1.25517985186	1
1.39238881466	-2.57088908166	2
-0.455820276698	-0.791158927072	1
-1.14779175472	-1.24535083687	1
2.40855498583	-1.98286614384	2
0.32780019429	-1.35137951713	2
1.53519565964	2.17432352192	0
1.60939926259	1.66999182003	0
-1.92378788645	-1.02521927161	1
-1.52841582118	-1.42626932082	1
-0.523865732101	-1.51056690125	1
1.61371843667	0.16759357943	0
1.19964746522	-2.43559298073	2
-1.14964164019	-0.686798237473	1
0.142291456594	-1.73949871524	1
0.0160109692609	-1.70516025353	1
-0.280999365684	-0.662738896822	1
-2.69386374405	0.070942053261	1
0.675836721156	-0.37881512911	2
1.72344650876	-1.59837210624	2
2.06576612687	0.777014615097	0
1.08977926295	-0.203850103664	2
1.22875981883	-1.49727881187	2
1.33897053588	0.0129048087253	2
0.702536909372	-0.999107192126	2
1.54698121427	-0.979764324176	2
0.312367680457	-1.38290590731	2
1.24186756236	-0.790035073563	2
0.143718961338	2.44298267585	0
0.961871461801	2.59521143041	0
-1.62399222413	-0.683446095179	1
1.53252416284	-1.46798238054	2
0.793404073623	-2.44608474258	2
0.795339840814	2.28970733217	0
0.4710980733	-0.908816619482	2
0.157429670797	1.14765750013	0
-0.570426607639	-0.334293586013	1
0.424861055205	1.70113164199	0
2.19561228108	-1.02262949297	2
-1.64563898254	1.00987671477	1
1.1115172846	-0.89180392992	2
1.97931455716	-1.09635607095	2
-0.467117380329	0.089291649359	1
1.52859734476	0.338211155899	0
-0.418536975365	-1.09155495133	2
1.12963659612	-0.98922818649	1
-1.31925377498	-1.33887450413	1
1.06108846731	-0.828024506102	2
1.11497091874	-1.91485073813	2
1.34796651399	-2.07989409937	2
0.340343713561	-1.20670689689	2
-1.39737777061	-0.553952824302	1
-1.53576155563	-0.663517577577	1
0.537758335897	-0.888735607084	2
-0.552071564161	-1.336046241	1
0.141685559681	1.73596607679	0
0.7395388743	-0.192719226832	2
0.613792356719	-0.842199829978	2
2.82887334562	-1.55048258774	2
1.30848823925	-1.51320604421	2
0.771160215864	-2.46189819903	2
1.73289780303	1.26141509526	0
0.253008918776	-0.868409196947	2
1.51191459151	1.32821485489	0
1.81819005408	-0.402564877136	2
-0.685426773159	-1.23769649964	1
1.08359403228	-0.318094073836	0
-0.32349475258	-2.3481658439	2
1.33585214292	1.68385091044	0
1.25926319625	0.404108806511	2
0.937872001325	0.592978900254	0
0.644615473974	-1.46526228458	2
-0.681678885107	-1.3298111939	1
1.15084910208	-1.92325641903	2
-0.606488576537	-0.680383480082	1
-1.42864071792	-2.41788085857	1
-1.40733185475	-1.05598074419	1
-0.915112415993	-0.711506808535	1
0.403697511107	-0.625224508102	2
0.613816005234	-0.908409537668	2
0.0976793441047	1.31062883641	0
1.99246544737	1.0617474273	0
2.2098128585	-0.0380842592281	2
1.76675299336	-1.01778479243	2
1.8394344288	1.04693679905	0
1.08806935231	-1.85731752055	2
-0.781893691854	-0.298481783751	1
-0.974684223759	0.528879449706	1
-0.0582960218096	1.37382027115	0
1.36953017905	0.570196996787	0
-1.61533628723	-0.495996070102	1
1.52248410487	-1.09084837853	2
-0.227287604884	-0.808791595983	2
1.04254206737	1.1219767491	0
0.916105022866	-2.39950376178	2
-0.026341791265	-1.4013047594	2
0.927138202658	1.45876067219	0
-0.180773403303	-0.637681311135	1
2.30442579188	1.26554680555	0
0.417429191667	-0.973671856845	2
-0.337291503414	-2.05272542355	1
-1.14228057294	-0.9457978254	1
-1.68897922563	-1.00351911227	1
0.190783263093	-0.997070834736	1
-0.685594763143	-0.867630654459	1
1.24917000279	-1.28104045573	2
1.08945938019	-0.5478981904	2
-0.478165763942	-0.601846498868	1
1.29887955277	-1.44123609327	2
-1.25605567288	-2.22969498771	1
-1.06207791035	-0.828600211172	1
2.08955471284	-0.681831648025	2
2.36048577714	0.302020735952	2
-1.03189954652	-1.62545781009	1
1.04692392466	1.29017644704	0
-1.48700553081	-0.838524305619	1
2.0378369223	-1.56287483098	2
0.0968505868349	0.996611390353	0
-2.3199835585	-0.299938005791	1
-0.616299056415	-1.23474097811	1
-1.41861296379	-1.17540821172	1
0.0441497597472	-1.93268602475	2
-1.60305715234	-0.95921769493	1
-1.56702546194	-0.0635378935189	1
1.24208350847	-0.320459870199	2
1.52770086341	-1.0552131562	2
-1.52773632592	-0.203042580051	1
-1.70921831696	-0.712996963682	1
1.90247055055	-0.61934306685	2
0.645959504515	1.95240829616	0
0.126645234051	-1.60244046161	2
-0.332847728589	-1.98935936785	1
-0.703954169722	-0.738987327416	1
2.33597534121	-1.50704048608	2
-0.195568711526	1.55004427297	0
0.250997243583	-0.0698990756542	0
1.8625320776	-0.131267515829	2
1.59984140906	2.02005293455	0
-0.798727974659	-0.76626930817	1
1.68845119629	0.609329153681	0
1.72051158734	-2.5637615895	2
1.44687208546	1.24645490814	0
1.16777052377	1.75501099429	0
0.691126600415	0.888428903191	0
0.336087147812	0.496992645785	0
2.24792600772	-1.10525980641	2
0.631071252875	2.00784339138	0
1.48295201037	0.219950117793	0
1.51048564983	-0.396069094599	2
-0.279242078434	-0.0228823503239	1
2.16968858928	-1.22143177711	2
-1.07002360369	-2.05902526456	1
1.08877278409	1.41171718891	0
0.308266802582	-0.582874688172	2
-1.2006198329	-1.335117195	1
1.1167893346	-1.06061750846	2
0.856344758073	-1.86805998738	2
0.681314618793	1.32099340449	0
0.569238533977	-1.70432474418	2
1.48011740442	0.776567766936	0
1.23541301038	0.821719334918	0
-0.960491665847	-1.55632964415	1
1.09869418682	-1.94011080015	2
0.272167520421	-1.50501048362	2
-0.040228021478	0.5836738178	0
-0.954120390293	-0.83543354086	1
0.596958983875	1.18053234648	0
0.663087065794	1.05079274364	0
-0.935926101419	-0.715693090547	1
-0.224770890067	0.847531559446	0
1.58613536125	-1.20433381897	2
1.14640575794	-0.916662357607	2
-3.03153482053	-2.10592960406	1
0.249977544666	0.983702622708	0
-0.851302322787	-1.28171986987	1
-0.211476240712	-1.13323300695	1
0.972110033421	-0.167856411766	2
0.73652924798	1.37695165667	0
1.0782802874	-2.68154646953	2
0.532888306362	-2.06813239539	2
1.01931738399	-0.474245640359	2
1.67439132376	1.92852807419	0
-1.1512313591	0.827711198549	0
0.817780107661	-1.36542764273	2
-0.691966863588	0.256557598485	1
1.9255148718	-1.46512251763	2
2.19208227253	-0.240046902417	2
-0.3994584018	-2.1319953882	1
-0.261502679005	-0.460687229659	1
-2.19629631112	-1.2270013161	1
1.73410322304	0.250016083218	0
-1.00825996546	-1.02954548199	1
-1.00582837826	-2.03973434936	1
1.25595752585	2.00596927264	0
-2.00867655022	-2.22047976492	1
0.0121827797673	-0.879455332546	2
1.64093097717	-0.5566243501	2
-1.97926388754	-1.2325969841	1
1.29323175815	-1.29452351007	2
0.663020174415	1.25305623946	0
0.943101880646	-2.47492231068	2
1.29559866377	1.55873452351	0
0.679890548276	-0.282945512932	2
0.978563400194	-0.983113440765	2
-0.134705657867	1.64178037692	0
-1.76949250892	-0.303136559893	1
0.195165692285	0.536141044634	0
0.9894998301	-1.25750313704	2
0.698947214367	-1.91224055267	2
2.36511303116	-0.965165284135	2
0.852505607887	0.577366315248	0
1.12268107074	0.98081051358	0
0.753199131063	-1.11169287701	2
-1.59782378939	-0.418744008758	1
0.136856459136	-0.105871216607	1
-1.42628460049	-0.614182653998	1
1.7667672177	1.48943124299	0
2.35521092532	-0.696393420583	2
-0.521094598878	0.419459310164	1
0.724842565786	1.38158717987	0
1.34210125645	0.0218750090661	2
-1.06674219596	-2.44603763175	1
1.32918152068	1.3744661556	0
1.66313468894	0.656182945347	0
-1.66051618275	-1.60901039248	1
-0.695412640302	-0.488199421193	1
-1.84641780288	-1.80353236804	1
1.34028435158	1.45047985832	0
0.994119601302	-1.72558802738	2
-0.12724504139	-0.853736068449	1
0.236896525551	-1.50825146036	2
-0.538957961758	-2.21011349011	2
0.694958226631	0.960436198915	0
1.50973402124	-1.35940266127	2
1.10653110985	-1.02125494329	2
0.656404385864	0.389501679164	0
0.29114586387	-0.52800864812	1
0.510521445136	-1.79292539074	2
-1.92201084482	0.186370819269	1
2.05956505415	-0.804134020635	2
-1.01983911911	0.127859682633	1
2.29638936445	1.16854406428	0
-0.71715514224	-1.03043418319	1
-0.714279500181	-0.784489050028	1
-1.74681734665	-0.811823817896	1
-0.435215714497	-1.04222776154	1
0.63693456044	1.61835195455	0
0.78101061996	2.14575182609	0
-1.09770449073	-0.443528591488	1
0.475817380027	-0.925912024371	2
0.162917305436	-0.270424993601	2
0.71665242434	-1.3421819463	2
-2.79354662047	-0.715272870812	1
1.36809564617	0.216571470821	0
0.270814697946	0.504180358062	0
1.05189234943	-1.59241077547	2
-0.174749714208	-1.08118335642	2
1.77079221801	1.40998481758	0
1.52603727577	-0.567597258007	2
1.66160187191	-2.38074239979	2
-0.251324879198	-0.272235199716	1
-0.593786371866	-1.14100621357	1
-0.747515930473	0.585070325271	1
0.89520298549	1.79067340141	0
0.958402741301	1.08765182268	0
-0.509631813047	-1.72492871654	1
1.72000654765	-0.783692555752	2
0.39151462267	-0.990510493502	2
1.89825026917	1.50899654673	0
0.904761183033	0.122697504129	2
-0.463527714931	-0.300003142439	1
0.415089311576	1.72967078675	0
-1.88293373356	-0.782287600669	1
0.916568196271	0.805990760786	0
-1.32758724383	-2.55930052355	1
0.296721412828	1.35712783178	0
-1.48335531159	-0.659570387749	1
-0.875463948135	-2.72508021802	1
1.31611352124	-1.56048106297	2
1.64364909194	1.73051958084	0
-0.686276051502	-0.247593442425	1
1.45145844678	-0.964366824155	2
1.31239614459	-0.229433552328	2
0.403354183397	-0.199921598407	2
0.0328005230915	-1.19979859667	2
-1.88691596137	-1.04818143305	1
-0.0637001684637	-0.55612110332	2
0.918155282327	0.10279009558	0
0.572107111236	-0.757690593061	2
1.50540687601	0.685226104815	0
0.813396752969	-1.1475964407	2
1.77582377361	1.91011588191	0
1.81680286648	1.36069041162	0
0.408782823502	0.4876692823	0
-0.569863707629	1.45907310046	0
0.875817887448	0.0482348701566	0
0.614590136654	0.254895776987	0
0.0549255158184	0.143007968649	2
0.840180345742	-0.581716315649	2
-0.87772134669	0.750943209625	1
-1.77170858802	-1.71869322688	1
0.795840237564	-0.37603625266	2
0.881085500662	0.458435273702	0
1.67190118364	1.14327191264	0
1.97443816601	1.68246822366	0
1.05178505896	0.412032042251	2
2.03813934251	0.14479691196	2
1.55266023738	-1.50470716285	2
-0.969016617803	-0.648147290063	1
1.77476393402	-1.13162603124	2
2.31047257719	0.870793084843	0
-0.363940028995	-0.369890766784	1
0.959750614177	0.142986744404	0
0.417278533456	0.100681972724	0
-1.62682745043	-1.83425753571	1
-0.753058974049	-1.52785232972	1
-0.805142805636	-1.43882531902	1
-1.2263456019	-0.462896310736	1
-0.0868264834128	1.05220049083	1
0.537249609284	0.80689396235	0
-1.29500518231	0.544549913026	1
1.80887312895	-1.21474497226	2
2.12128414844	-1.44188088128	2
1.48707839165	-0.217473545824	2
-0.926723391014	-2.08996802655	1
0.743995833614	1.10692012913	0
-0.733647689324	-1.31442044802	1
-1.35742807615	-0.945726082494	1
1.39087726547	1.43341377899	0
-2.06841465184	-1.24835237143	1
0.516570830394	-0.525162730092	2
0.169001513735	-0.318301596567	2
-0.721574132188	-1.08303650569	1
-0.892292224955	-1.15291822108	1
-0.626608400342	-0.730938823395	1
0.257548913578	0.377730329691	0
1.68138433795	1.02102874547	0
-1.90403552387	-0.5666582847	1
0.665034784828	-0.460497740041	0
-0.857824867964	-1.0807382269	1
2.68847664832	0.223709801414	0
0.366864127977	0.915187678038	0
1.0741636121	-0.839188619688	2
2.3019233413	1.64654411891	0
0.509715772957	-0.491128269316	2
0.697026327728	-0.412161389625	2
0.683926515135	-0.50943802291	2
1.16875223281	-0.533028215977	2
0.0639616714724	-1.71723334857	1
1.9112016843	0.0165086235397	2
1.30202110445	-1.27192105164	2
2.02327440509	0.986085132641	0
-0.666511526569	-1.03012445671	1
0.377721342046	1.55721914252	0
-0.665983260955	-1.38927734646	1
1.30232852435	0.6658560554	0
2.14377559826	1.40325923689	0
0.35588766542	-0.0368977706679	0
1.92938670626	0.681826631131	0
1.62303640923	1.41559668719	0
-1.32828693606	-2.47442393503	1
1.76690822716	1.41428864807	0
2.2767263116	1.16855451935	0
-0.752322370527	-0.901593784056	1
-0.291063033223	-0.282741696941	2
0.94776441514	-1.4497594049	2
1.50554436482	-1.52974591449	2
-1.78059549317	0.604199833084	1
1.11128805409	-1.13893892829	2
0.454962668614	0.985968330647	0
0.837938747379	-1.16689277997	2
-1.19740848942	-1.65897583968	1
0.47802572653	-1.83046384885	2
-0.926284053883	-1.01006762074	1
1.36328475564	-1.5195574785	2
-2.58907651499	-0.745006789138	1
1.59600484487	0.062645377604	0
-0.179782399456	-0.495780498036	1
-0.111422052711	-1.57487518133	1
-2.14528928538	-1.74010033654	1
1.54478800962	0.373547536996	2
-0.159156414275	-2.09625259337	1
0.506735222477	-0.0577744993262	0
0.683344834255	2.44964999085	0
1.99441579389	-0.409410163681	2
0.823129564567	2.30181965322	0
0.157521761636	-1.39344477574	2
-1.76904233248	-0.606184692114	1
-0.338412942367	-0.802396593832	2
0.839418581342	-1.97799991487	1
0.21403644532	-2.18612712729	2
-1.73045078885	-0.780200635489	1
-2.08838932805	-0.0672956446117	1
-1.78179229215	-1.44614072988	1
1.4926506097	-1.40600962691	2
0.826313628747	1.05630966548	0
-0.521618980612	-2.31296804934	1
0.172972516832	2.02807873605	0
-0.383355944978	-1.54530012447	1
1.71095216215	0.401967329856	2
1.4396442712	-0.98509745395	2
0.728116659832	0.493439761438	0
-0.806052757609	-1.27532496342	1
-0.665760914174	-0.0223575572874	1
1.36843840726	-0.589285343125	2
0.268765349702	-1.13753717179	2
0.868479515769	-0.711820735648	2
0.29325492803	2.30796747682	0
1.63072633955	-0.740885711246	2
-1.85458149498	-2.14783972866	1
0.372216754554	-0.141602174707	2
-0.679692451448	-1.25327548142	1
-0.363676380539	-0.755207474631	1
0.778995301348	1.81882486731	0
1.06614451088	1.23634780815	0
1.0991240102	0.69458385424	0
2.01911157883	-2.00378844907	2
2.07679227645	0.725360241691	0
1.24314716322	1.33797983167	0
-1.3207488383	-2.17138645375	1
-2.30176396844	-0.57576949324	1
0.298906612454	-0.407027513824	0
0.756610220064	0.406457085902	0
2.33961246273	-0.839846528705	2
-1.28088022209	-0.167202711887	1
-0.172322241421	-1.20879357722	2
1.41092588764	-0.591932547846	2
0.647348194016	-0.94210803909	2
-0.494308874306	-1.30051226972	1
-0.723070885206	-0.564271046315	1
-1.12785879881	-0.46396915696	1
1.00637450892	0.738396447631	0
1.16227151383	1.48015305987	0
0.71268021396	-0.213838520224	2
2.38427652533	0.498530361981	0
-1.57226685742	0.0674283953619	1
1.76069298655	-0.00269140595201	2
0.609006391352	-2.62987702341	2
-2.24360960971	-0.826138542144	1
1.3186024852	0.417711779944	0
2.02028106345	0.884577410619	0
-1.24036752634	-1.03305134889	1
1.46226998191	-0.264548783631	2
-0.15019104092	1.35077165676	0
0.936414693201	-3.13561365306	2
-2.31384352975	-0.992433456886	1
-1.20982960871	0.428802067838	1
0.225500506311	1.05945543439	0
1.00049624051	-0.926297469746	2
-1.7596793317	0.912975203569	1
1.79219385199	-1.04615471616	2
1.00304639148	1.22718055603	0
1.21906107001	-1.07680059125	2
-1.3659420243	-1.70843478393	1
0.854845245402	-0.227871282746	0
0.582661453858	-0.519623688322	2
0.024662670723	-2.64477701454	1
-0.472012763326	-0.449991710548	1
-1.43267488842	-0.707881228115	1
-1.94397319333	-1.66791964729	1
0.304905954267	1.1491595484	0
0.828757291278	-0.381664837665	0
0.552290927954	-0.893933872082	1
0.148512731348	0.981865892701	0
1.58767536884	-0.622368583746	2
-0.0285909605648	1.00508213968	0
0.229547319959	0.57317139078	0
2.05926315031	0.405466231329	0
1.09765271901	1.00702809305	0
-1.1784324163	-0.883342169488	1
0.0703707580143	-1.67270979684	2
-1.67017321147	-0.62927905688	1
-0.13845192955	1.32414517693	0
-1.19051027738	-0.6153909082	1
0.19608979943	-1.49480662496	2
-0.977313271888	-1.37554042725	1
-1.4345564261	-1.22061427115	1
1.0311265841	-0.0985650705603	2
-0.196780927235	-2.07251428193	2
-1.32484339666	-1.35448364112	1
-1.10577005213	-1.31505432819	1
0.380141805202	-1.11525055681	1
-1.09103161718	-0.698711110578	1
0.240842924236	-1.2066130426	2
0.30469951792	0.282641693923	0
0.574690967444	1.93081137123	0
1.3342633885	-0.201496122983	2
1.39507382804	0.922067018158	0
0.90282328819	-3.12501206912	2
-1.71271491024	-2.03099601709	1
2.08633851639	-1.50041315676	2
-1.4047584507	-2.18957888986	1
1.44288905026	-1.57027627009	2
1.23195105958	1.21840556989	0
1.13766768103	-1.23070813946	2
-0.0563421050051	1.27759833723	0
1.14494397088	-0.112861287503	0
0.850729768077	-1.49384251068	2
1.55133373325	0.835627575426	0
1.88390388198	1.41829424807	0
0.910147274535	-0.716713278419	2
-0.643295646171	-1.51325889484	1
-0.0364215621004	0.856396367432	0
1.26725000634	0.896454256067	0
0.866848461838	-0.928468756294	2
-1.44185537379	0.288901153005	1
-1.44525873117	-1.64165754204	1
0.506587589764	-0.0595215665107	2
0.539816566376	0.992977115634	0
1.0835725418	0.0416098998164	2
0.531509247638	-0.495898397212	2
0.767533595927	1.42737412529	0
-1.02969572432	-0.391404887763	1
-0.00225509411532	0.25494719253	0
-0.830730230835	-0.165120795812	1
-0.0623811560694	-0.85428730426	1
0.0707090764328	0.0956696180862	0
0.665335049407	0.961960089855	0
2.16925461069	1.49712261163	0
0.936180532691	-1.78440488783	2
2.69253061284	1.58088841038	0
0.557728858165	1.76736068504	0
0.206003635103	-1.42013694298	1
0.867041325951	1.59703462936	0
1.499693754	-2.71134214708	2
2.14969725739	1.3218229172	0
-1.14534601607	-1.73345571661	1
-1.46550148187	-1.47527236182	1
1.03763898759	-1.77750629304	2
-0.838830165704	-1.36219638431	1
0.967261754304	-0.822245126208	2
-0.0969189913568	0.000595687023665	2
1.2753809026	1.00377111816	0
1.5111479073	1.11964104556	0
1.02679918265	2.0796053492	0
-1.58144568737	-0.209005753618	1
1.1548511748	0.537435728075	2
0.257508776556	-0.533593000263	1
0.694413912938	0.817434683838	0
-1.19555358622	-0.642900797746	1
-0.282892914755	-1.99712731522	2
1.50473401398	-1.37855623366	2
-1.97568681334	-1.17607922444	1
-0.866621147715	-1.17200597215	1
0.665485084613	0.156071803647	0
-0.354549669225	-0.918098351384	1
-0.144628180258	-1.01385133314	1
0.845227753429	-0.459305544593	0
0.430992324008	-0.259275306152	2
1.19010919007	-3.08265011231	2
0.174146730649	-1.65168512598	2
-1.11170109481	-1.37132627509	1
1.07917515706	-1.46958930599	2
0.638011473321	-2.3797524298	2
0.254163297086	0.283985275951	0
-1.75790045051	-1.26303144797	1
-0.725463663493	-2.0811505924	1
-1.96110128814	-0.819981901093	1
-0.150415879123	-0.616086081916	1
0.870342757571	-0.48837208323	2
1.32657943532	-1.17673935932	2
-1.4901959979	-0.147918565991	1
0.910369195901	-1.11099759373	2
0.336468117298	-0.616418177496	2
-1.91509996246	-0.848225506581	1
2.08519001144	1.34104308497	0
-0.493577967428	-0.272415525209	1
-0.391877663658	0.241570308275	1
1.08345574384	-1.48713272602	2
1.28558449659	0.0934727990345	0
-1.42191851239	-0.449056941075	1
0.0102610868519	-1.51877079183	2
-1.5111067139	-1.86393124209	1
1.27139991792	0.127421862961	0
1.47820194438	0.0576257180339	0
-1.18327642535	-0.888158055773	1
0.937045846988	1.07623139089	0
0.852059857648	2.54329082645	0
2.45078377392	-1.18724994174	2
1.59021649325	-1.06219250281	2
1.96496083506	0.0996235935067	2
-0.566086219237	-2.09122666705	1
1.13653311501	-0.427563724493	2
-0.0984676342593	-1.10328985454	1
-1.63228029587	-0.844459360477	1
-0.567833412369	-1.31134393701	2
1.66859664938	2.12477090928	0
0.541037820303	1.03376950136	0
-0.952739430653	-1.80741019942	1
1.05670920919	-0.212317260209	2
-1.14973993174	-1.44517476365	1
0.472344924377	-0.0686519454764	2
0.635006505083	-0.985783477636	2
2.10501355708	-1.91325561815	2
0.697990780172	-0.657810448276	2
1.35236285318	-0.519456457492	2
-0.21696933862	-1.65874066703	2
-1.38093867055	-1.72212110323	1
-1.11533330562	-0.181023213851	1
-1.23041980162	-1.27397794777	1
1.07767433443	-0.778307621325	2
1.24724060101	1.77107879077	0
-0.310753644492	-0.257190993716	2
0.431418864947	0.061582338142	0
1.04026446239	0.00303405866923	0
0.602452533893	-0.029840977898	2
1.31310057459	0.96391867932	0
-0.549038186847	0.360617793289	1
0.200579071819	0.216175222027	0
-1.85740275094	-0.949383110493	1
-0.563783167749	-1.22360147585	2
0.227436026775	0.760756170932	0
0.287305058225	-0.765102238483	1
0.239642407554	-1.47376912813	2
0.742575790784	-0.438643021957	2
1.18612907929	0.899439953034	0
1.37536635233	-1.3841303276	2
1.44520846246	1.48532857819	0
2.83296360329	2.30712245394	0
0.56353039939	-0.374741942585	0
-0.208256047553	1.35161439252	0
1.66786881595	-1.17136092396	2
-0.354726013172	-1.0652902344	1
0.228115500116	0.939927712834	0
-2.17100560289	-0.182922359952	1
-0.274663671802	-2.08653010866	2
0.948160842813	-0.94863271205	2
-0.642792071029	-1.26648061561	1
-1.34099563291	-1.25555673832	1
0.784225308529	1.50856292604	0
2.27950389027	-0.318221929817	2
1.67287373565	1.11387392142	0
0.763809905931	1.37037312333	0
-1.0834613624	-2.54205955898	1
1.1520607204	-0.934398725319	2
1.44060392118	0.664106885236	0
-0.52596723628	-0.495582503828	2
-0.892289571523	-0.753640338714	1
0.672276296868	-0.415272794748	2
-1.26646107958	-0.553593029509	1
-1.8105783362	-0.378430082083	1
-0.398794520866	-1.33017111806	1
1.01486549918	-0.0171735702871	0
0.0339765434488	-1.7002634964	2
0.530344839948	0.0341209173155	0
-0.692841141936	-0.43109256543	0
-1.18692226325	0.227035675416	1
0.247240985214	-0.533167914777	1
0.502741709871	-0.61348611608	2
-0.535539886355	-1.7197241642	1
0.960031157963	0.0996749019056	0
1.97294544409	-1.02200409561	2
1.159709448	-0.958400204327	2
0.011373471187	-1.2071132552	2
-1.42628809086	-0.966182498885	1
1.92980466779	-0.899867130404	2
-0.549432750582	-1.26332081466	1
0.68455081585	0.835729091069	0
-1.41249992912	-1.8914743497	1
-0.0850224663021	-1.79037686084	1
-1.32691708285	-1.42303154471	1
-0.977575955166	-0.892966008204	1
0.740040772449	-1.20120710821	2
1.16543899368	-1.00946356031	2
-2.27799294591	-0.553400273391	1
0.130197007983	1.45821394181	0
0.73188847212	-0.803499032689	2
0.117059251034	-0.0868615368135	1
-0.588667296994	-0.165094984786	0
-0.418352098287	-1.14032089726	1
-0.0921780876954	1.36617485612	0
0.95699668838	0.83964370399	0
0.82689791892	1.62523966019	0
1.52602775383	0.339725948541	0
1.15046548093	-0.90639265652	2
1.48635580572	1.53628324851	0
0.363799655981	1.26571137008	0
0.826469495938	-0.166384469058	2
-1.4227287221	-0.81549174218	1
1.89889652341	0.193942290479	0
-1.33127292503	-1.54286241791	1
-0.180510418139	0.189979306281	0
-0.817669422215	-0.727692340926	1
0.650396075626	-1.58873322127	1
1.97045057136	0.772892292147	0
0.958510833127	-0.289306538285	2
1.00486168502	-1.4045507008	2
1.46857508958	-0.913885455181	2
0.101846659948	1.04127702714	0
0.349978633489	-1.08616640789	2
-1.33254516518	-1.55961775039	1
0.418210377813	-1.19702838357	2
-0.832574925848	-1.23747619214	1
0.169094289708	0.409473889535	0
2.55127323668	-0.353494979569	2
0.826623633428	0.17713489026	0
0.647314895179	-0.138106881731	2
-2.00290346035	-0.820482404334	1
-0.564299138714	0.510895402502	0
1.07257613563	-0.68444249547	2
0.89733522046	0.966894326714	0
1.51616222394	1.3070170791	0
-0.458920268636	-0.79896815844	1
-0.850607343814	-1.47489707283	1
0.491019593986	0.252930674722	2
1.12837859908	2.23852938335	0
1.33140988763	0.691066100865	0
2.53556890559	-1.48448594464	2
-1.73300479798	-1.25998474762	1
0.842648781756	0.817438042951	0
1.80504508533	-1.04322431732	2
1.06979596871	-0.336722907961	2
1.02746693216	-1.18919358711	2
0.949635882642	-0.412664314851	2
-1.67253717324	-1.26473338544	1
2.03674309431	-0.772360256904	2
-1.11730056718	-0.950079465394	1
1.27304467776	1.41703014314	0
1.11171245125	1.52637619629	0
-1.04167252427	-0.0738508642411	1
1.77038281679	1.25544480685	0
-1.35135196434	-1.26683233776	1
0.711355831443	0.591005154562	0
1.15597131005	-1.59942325419	2
0.920577970473	0.548390629778	0
-0.818241312814	-1.48744223284	1
1.07395510219	0.866563207438	0
-0.481374632435	-1.00775237166	1
-0.050704001239	-1.00767967288	1
-0.624863012987	0.243178951258	1
1.19404180481	0.618521993337	0
0.503278617187	-0.0737635764138	2
-0.813213908706	-1.40901640432	2
-1.83699586047	-2.51930076466	1
0.496330875424	-2.08074925683	2
-1.45489102126	-1.68600070504	1
-1.71305740099	-0.943103435398	1
-1.018125999	-1.30558795597	1
-1.82420457022	-0.470809469134	1
-1.11400116448	-1.18363615795	1
1.88815075397	-0.0399555106897	0
0.543190677261	-0.840777566074	2
1.14698930463	-0.806859520901	2
1.0239930075	1.33702457255	0
-0.571545504353	0.597500082269	0
-1.4357472005	-0.658238658767	1
0.842483453828	-1.01295977297	2
-0.733260822365	-0.996246567686	1
-0.391393174934	-0.369970794609	1
0.0676753509247	0.419567579286	1
0.900942922628	0.314277884539	2
1.66141849266	-1.10009220723	2
0.796245485447	1.49575664245	0
1.11548863101	0.255491626685	2
-1.62769720806	0.684971188555	1
2.24273370391	-2.71131797866	2
-0.288406860016	0.494197430676	0
1.79722153611	0.484357905353	0
1.65122957338	0.40749478545	0
0.478350955167	-0.750403550097	2
1.76694594909	0.714274292533	0
1.77353864579	1.24120457197	0
1.62456215555	0.700113309705	0
-0.509446194118	-1.39502758715	1
0.9966198889	-1.41486415181	2
-1.77142195424	-2.15513727295	1
0.47865565677	-1.52100587985	2
1.53663884538	-0.239392911818	2
-1.17872201643	-0.151098368203	1
-0.0711825793745	-0.934381722798	1
1.54023070177	1.20016561837	0
-1.23326307603	-0.0596352170211	1
0.943913751559	1.37725866432	0
1.99490076982	-0.778216812451	2
2.14012087676	0.877937799922	0
1.67823069604	-0.269229756708	2
-1.03698298024	-0.381540015359	1
1.48036611015	-0.357700307458	2
2.03885825382	2.00587450329	0
-3.53091425826	-0.148844332181	1
1.88535471153	-0.256547607542	0
1.67347739382	0.647010116556	0
1.28364147633	-1.3046583738	2
0.447409666097	0.542453145917	0
-0.544738672851	0.902804653763	0
1.71172230385	0.417586249423	0
1.99109499612	-2.96701446337	2
-1.60344528692	-0.16149834345	1
-0.260366356114	-0.297209637466	1
1.26584750694	1.26735426236	0
1.37260169745	1.13882795974	0
-0.234636435735	-1.35577435288	1
-0.994096471794	-0.10522957211	1
0.950109156859	1.25845020906	0
-0.487584972716	-1.26622405016	1
0.860867564424	-0.837542148183	2
-1.7960798137	0.819270967867	1
-1.74629914405	0.640736586189	1
-0.930082955302	-0.936685826897	1
-1.36235046715	-0.777388023228	1
-1.02036236604	-1.52315277768	1
1.88821675332	-0.246129167351	2
1.73902422111	-0.882402498545	2
2.11024143519	0.760432812484	0
1.99507094055	-1.92321284445	2
-1.19625511103	-0.622607479171	1
0.622733331978	-0.374965228445	2
-1.87933073877	-2.31215137137	1
0.521106829535	0.111159481572	0
-0.339569842771	-1.16571100514	1
0.591962479162	-1.70723306163	2
-1.12099780088	-0.925512162089	1
1.55931325977	0.861745873978	0
0.276806992699	-0.83056458137	1
1.19563791364	-0.879461058333	2
2.04430149675	1.32618933452	0
2.27083885606	0.117078814232	2
-0.525605246681	-1.26001524455	1
-1.37727827394	-1.13480435935	1
0.679444104878	-1.14749072278	2
1.38654090499	-0.759294853239	2
-1.84595777978	-1.40869350519	1
1.35763003951	-1.37084800817	2
1.23284456181	0.271701171853	0
0.608639571476	1.19360601458	0
1.19009807205	1.47916070317	0
-1.2536248059	-2.05440780625	1
1.52073112024	-1.57603671388	2
1.09874699186	-2.56605830314	2
-1.63159285749	-2.37895836339	1
-2.65994965166	-1.73803365345	1
-1.30671390464	-0.796680215086	1
0.515399020934	0.728770537812	0
0.628259603265	1.23902400059	0
0.816655476137	1.06330360047	0
-1.14313685054	-0.595622889127	1
-0.797214539706	-1.15578749533	1
0.357418942479	-0.934066300872	2
1.26287169757	1.12585284402	0
1.0585494293	-0.823837674897	2
-0.939745132629	-0.3098847686	1
1.62553362545	-0.0919066166504	2
-1.61843232788	-1.77302334537	1
-0.444168648356	0.105902790678	1
-0.292442986831	-1.75674122334	1
-1.79731155544	-1.32267642813	1
1.57178878852	-0.148112913618	0
1.00173447159	0.523714316042	0
0.693128028835	-0.774261279178	2
2.36977151006	1.53630745477	0
1.946904857	-0.113390270895	2
0.990323253867	-0.934997615326	2
-0.901071904977	-0.809289649504	1
1.68083173517	1.78707695578	0
-1.04662977187	-0.643120746891	1
1.43022490306	0.921661131111	0
0.40831617135	-1.53138970291	2
1.40074905561	-1.21905653966	2
1.77103605459	-1.61183678133	2
1.35167816326	-0.158671311026	2
-1.38793700096	-0.556506230478	1
-0.548112037431	-1.20295297044	1
-0.188406258843	-1.40797046569	1
0.399891532309	-2.72966813914	2
-2.18755202574	-1.76332309364	1
0.972790071257	-1.81302781142	2
1.40187612636	-2.07758458396	2
0.658751190082	-1.50520344725	2
0.462201215528	0.173485397001	2
0.600929257849	-1.55792893276	2
2.06031651381	-1.15182068337	2
-1.70940194392	-0.700738189702	1
-0.455249337445	-1.30297143628	1
1.01443532184	1.22614005157	0
0.268949911607	-1.11964411382	1
-0.592244688536	1.44927515502	0
-1.98864996977	-1.66007196692	1
1.7353015698	-0.634341779036	2
-0.791480439902	-1.53411256098	1
-0.771049023727	-2.89104526964	1
2.22905079619	0.758672243823	0
1.82194801076	0.869955037485	0
0.8088466173	-0.17319329357	0
2.53739833267	0.293716600368	0
-1.8621738817	-1.10739603801	1
-0.911788875421	-1.70056970071	1
1.28234556645	0.621879932328	0
1.4657385553	0.44697090798	0
1.28629414145	1.02406624588	0
1.25333463694	0.997824409348	0
1.24102156287	-0.910785827566	2
2.1752944296	0.110680187334	0
-1.26044196036	-0.976292888508	1
2.61793414692	0.994407467785	0
1.95690369739	0.039066465039	0
1.46670436396	0.46606346553	0
0.634546983615	1.2039180519	0
0.346120536868	0.902148289739	0
0.56709192305	0.933256624058	0
-0.517975187492	-0.953481549204	1
0.750472344508	-2.06466243001	2
0.48519562564	0.0337752518843	1
0.3308369956	-0.432032687941	1
1.3195791786	0.595779735166	0
0.176715882055	-2.74819261371	1
0.377939118719	1.50297622821	0
0.811994699068	-0.796093435203	2
1.37331037363	0.874008023393	0
1.13044536556	-1.21443237542	2
-0.683843760192	-0.771672407453	1
-0.625052179251	-1.8221715352	1
-2.30084863314	-1.06054462928	1
-0.314947575138	-1.65705353031	1
0.0386120722891	-1.02799295537	2
1.54973068706	-0.774047716768	2
-0.61398850177	-2.07078684984	2
0.324571829958	-1.05431805846	2
1.07279745424	2.71617047241	0
1.41940072816	0.730118353698	0
-2.36027771523	-0.77173609782	1
1.35894977166	-0.973306749571	2
-2.19086840546	-0.74222668913	1
1.65250882747	0.305504036707	0
1.65600830551	-1.10547694011	2
-0.170448674748	0.374439218588	1
1.42011923193	0.670854756182	0
-1.24123880297	-0.812002675587	1
2.38216610474	-2.32171703153	2
1.2854022862	0.0838082702988	0
-1.07954604953	-0.504719077588	1
-1.76647878294	-1.12550947221	1
-1.53232253307	-0.475011202158	1
1.35042687078	0.861318468507	2
-1.13823864931	-1.40416664203	1
-0.166527968443	-0.443750159928	2
-0.738607475484	-1.12879501937	1
0.874061372582	0.655748909945	0
-0.674897873115	-1.80362766744	1
-0.690073340448	-2.08634274553	1
1.99212705847	-1.52617187316	2
1.50758586079	-0.483308378211	2
-0.269553244205	-2.09757510234	2
-1.2681486863	-1.81605560205	1
0.890763991595	-1.23573806669	2
-0.645673775287	0.507838525457	1
0.552131060695	-1.47314092862	2
1.45055594741	-1.28955354705	2
-0.0655372822727	0.863324316325	0
-1.19057192615	-2.49919610929	1
0.99194864283	1.82851455613	0
1.50740053242	-1.37916682673	2
0.840369239961	-1.75415081071	2
1.86055056509	1.71024504298	0
0.901998496062	0.0422599355697	0
0.681974215318	-0.846960351638	2
1.37653901148	0.361524471002	0
0.372618162815	-1.06746457011	1
0.806177654888	0.89211695942	0
-1.21828427324	-2.50637401881	1
-0.679545753217	1.29210006791	0
0.5339667699	0.737773737735	0
0.137488579824	-1.92257146229	2
1.57261991975	-2.08832657685	2
-1.53064385401	-1.14840899652	1
0.356335032151	1.53994655571	0
-1.30083600338	-1.13488902779	1
2.02527211725	-0.852343494933	2
-0.230507967404	-0.904940207827	1
0.698441455209	-1.19585208664	2
0.425161346635	-0.637536439753	1
-0.0460939736361	-0.620110190348	1
1.39531504028	0.276782875721	0
-1.65931767678	-2.10958472282	1
-1.70142152015	-1.61427194627	1
0.00459478374661	-0.451068543337	2
-0.0343486169205	-2.20403969213	1
1.31504177828	1.62018441219	0
0.0856289524546	0.0872574155533	2
1.77278395414	-0.706688291762	2
1.07960996175	-0.815000334611	2
-0.780010735513	-1.17375553894	1
0.401245106649	-1.60916239092	2
0.451924308468	-0.919875104773	1
-0.33067337139	-0.498461492214	2
1.23058226639	-1.1049936246	2
-1.38255351709	0.095525240757	1
0.410197879325	-0.0448975634184	2
0.519379625554	1.17545883161	0
0.0969604251557	0.949741479638	0
0.0391288834551	-0.0400174026533	1
0.489564102279	1.05593984205	0
0.397971755675	1.94131575986	0
-1.52081297777	-0.374256514793	1
0.563802247858	-1.67756132643	2
0.342091637436	0.189760808135	0
0.952346664464	0.857263855119	0
-0.0887640880988	-0.559808716181	1
0.200889702382	-1.95370894538	1
1.27049054196	1.05234273052	0
1.50176236869	-0.282190288959	2
0.816291854579	-1.21726037612	2
1.35959626529	1.49298539694	0
-0.966239560677	-0.914177775367	1
2.03984731377	-2.25225402812	2
0.091840634829	0.888148337852	1
1.07895445204	1.5154852009	0
0.21454568571	0.388454211126	0
2.12392998025	-0.248834738792	2
-0.561625287147	-1.81908630266	1
-0.423929852112	-0.716828188202	1
0.0774928811704	-1.48615693504	1
1.88958259181	-0.83804220521	2
-0.636701665343	0.794333568703	0
-2.40205838947	-1.04673131154	1
1.2689275307	1.31211216361	0
-0.619463823132	-0.894649656276	1
0.132058965416	-0.371900914818	2
2.62237775964	0.774334538547	0
0.791632333053	1.09255513321	0
-2.28350168714	-0.592468140405	1
-0.0144152815092	-1.78200554469	2
0.290325682371	1.09884525645	0
-0.503560594822	-1.13160059712	1
1.45568878753	0.927213766118	0
-0.739040598131	-1.49831074001	1
0.141657905658	-1.74683266457	2
0.632809561724	-0.657762901527	2
-0.900429962179	-1.74837324075	1
2.21669058239	1.42834724298	0
1.5980580702	-0.730118557136	2
-2.24069297726	-0.40719697093	1
0.762716485281	1.15404651019	0
0.552143064665	1.05230244719	0
1.95209678554	2.77919811364	0
2.41509520637	-1.05832167887	2
1.24605266576	-0.00805995670742	1
-0.396777064161	-1.68022373047	1
1.06610388507	0.598389268013	0
1.32822467533	2.09287546793	0
0.727632870329	1.03467481489	0
1.36665053894	-0.580448352122	2
0.358717777125	0.410156813481	0
-2.12204302092	-1.24462885929	1
1.56469329324	-0.47749190577	2
-0.620612309782	0.0335064175565	1
0.651990042053	-1.34786977006	2
1.31728686481	-1.8029842414	2
-0.989432001166	-1.12055580809	2
0.41962766738	-1.02950404878	2
0.332715259533	-0.254794434244	2
1.1325998606	-1.69552160154	2
0.188465106604	-1.0761953212	2
-1.26902111069	0.151081744333	1
-0.975996531611	-1.67479182935	1
0.0635295614598	-0.734738994067	1
-1.57173270071	-1.61566239308	1
-0.0698571703708	-1.18276356228	1
1.26192934275	2.09752232371	0
1.27829918704	-0.895689821761	2
-0.417993864188	-0.273133763973	0
0.613246839058	-1.71352494263	2
-0.179206461375	-0.749332217837	0
0.998078755485	0.881549729707	0
0.904733530422	0.880487014333	0
1.39804689067	-0.576405453696	2
-0.521913908305	0.208133630089	1
0.0263434925287	1.46172581689	0
-0.518067509885	-0.961067034341	2
-0.820966502701	-1.59256440584	1
0.894476840058	-1.19156110494	2
0.456794680969	0.5503236648	0
-1.25070092641	-0.462266046844	1
-0.961420670236	0.510589076442	2
0.924174654916	-1.00630330825	2
0.356403019225	0.586053140544	0
-2.01716003553	-0.8377968335	1
-0.695854668465	0.763300458032	0
-1.74399371163	-1.58929369927	1
0.842099983985	1.32624106675	0
-0.740562539095	-0.885485753744	1
1.54941480244	0.948065531138	0
0.941561105623	0.351936309446	0
0.0397431280078	0.836373144739	0
-0.255167444508	-1.873276838	1
-2.0714885603	-1.1425197319	1
-0.376317646174	-1.19639740609	2
-0.929761105284	-0.847018215361	1
1.79490498708	-1.38387501207	2
0.260746994514	-0.21074295135	2
1.97143727716	1.996063322	0
0.118730096304	-1.59590154452	1
1.48271407413	-1.52951967644	2
1.24784380297	1.98447092784	0
-1.34882826274	-0.907675599411	1
-2.58597196765	-0.44052325393	1
0.949481607019	0.175188420078	2
-0.400610720253	-0.747122191301	1
-0.551047122155	-1.47983787958	1
2.30863474983	-0.192580896798	2
-1.61675034883	-0.557186173474	1
-2.22091983988	-2.48498931572	1
0.982614430649	1.07578592906	2
-0.455968398465	-2.50292699498	1
-0.372011336361	-1.53557969115	2
0.0910779807056	-1.12332249093	1
0.908924069857	-1.61882022313	2
-0.0771844829545	-0.248324529227	1
-0.761595018147	-0.242242701758	1
-0.448464812579	-1.11248503882	1
1.1995727346	-1.0410654185	2
-1.04916535354	-1.57099801655	1
-1.47066003216	-0.698937222289	1
0.83014973545	0.877905623069	0
0.546275486071	2.01467535461	0
-0.720340931411	-1.60962003819	1
1.99408579952	0.707095474575	0
-0.667167462573	0.0380287750932	1
0.237404403804	-0.431080209957	1
-0.0285354340302	0.46322566293	1
-0.272638003524	1.52048681844	0
1.2183517608	1.07731921417	0
0.982429055803	-1.22030811913	2
2.56488668512	-0.932802043459	2
0.376887552157	-0.906414253357	2
1.20227221369	0.371513002475	0
1.40544315244	-0.266737973139	0
0.114250176037	0.221537803446	1
-0.922483477831	-1.52202430392	1
0.0429507471415	0.732598137888	0
0.941125105069	0.111580619792	0
0.452306839249	1.57769470917	0
-0.626172233335	-0.843290806199	1
0.103671296129	-1.48584037902	1
1.40550913503	2.1171512758	0
0.190335659156	-1.52840051855	2
-0.558546683943	-1.62847178548	1
1.11507775451	0.883355817419	0
2.22449292508	0.189933988154	2
0.615887379607	0.0130408708269	0
1.95883391385	1.69051124885	0
1.33939082731	1.70923250229	0
0.454504354183	-0.845105282138	1
0.408628455991	1.02601235605	0
-0.637357967071	-1.34303324231	1
-0.464528298732	-1.1239774266	1
0.877116190054	-0.26331176292	0
0.867726942828	-0.76721347421	2
0.674477879013	-1.22667659236	2
-0.0286738102661	1.20131248197	0
1.71577134338	1.30472014918	0
-1.24333997692	-0.696076502563	1
1.10068858297	1.76502693529	0
-1.69981359983	0.376399916987	1
0.947362190731	0.953051738481	2
-1.08211845162	-1.27296276414	1
0.618548958623	0.746436040911	0
1.47075897734	0.750855368233	0
0.53251297591	1.32030592936	0
0.794698850651	1.36547800335	0
1.80183222663	-0.110686288015	2
2.41692989326	1.96715361964	0
1.07713282899	-0.151538954036	0
-1.13107461533	-0.297926262649	1
-1.30593989952	0.331314417976	2
2.01740356075	-1.10431567517	2
-0.279523953656	0.548860492859	2
0.0893266903355	-2.18313873083	1
0.0319714146467	0.979074863219	0
0.997992393766	-0.68102738886	2
1.9835345965	1.07782203837	0
1.03507890257	0.443666524152	2
0.258166041347	1.7981794546	0
-1.9040695724	-1.37888022889	1
0.335394527531	0.142187689258	2
-1.2793042125	-1.86676826243	1
1.58486977526	-1.46915632324	2
-2.73686531735	-0.140834747392	1
-1.22832691362	-1.50006403334	1
0.835949922233	-0.14569597754	2
-0.764295537731	-1.29597171797	1
-2.59037748992	-1.08723084689	1
1.2003426592	-0.769329812918	2
0.528848380058	-0.577114055217	2
-1.00862609009	-1.29884259299	1
0.54089783507	1.26915379069	0
1.77125339919	0.0318641419076	2
-0.620939891207	-1.86277399111	2
1.42565184177	-0.841270991205	2
-0.17322857299	-0.465223867921	1
1.95588619654	-0.783317538058	2
2.22172648092	0.597800925204	0
1.9554774138	-1.57757756777	2
0.273473460536	-1.0961354286	2
1.42736904892	-1.36784662179	2
0.82900661747	1.27926715434	0
0.963388519415	0.243316635328	0
1.83876862545	-1.02510602026	0
1.125236748	1.7165901016	0
1.17776114111	-1.25909704877	2
-1.91970226105	-0.430292631715	1
0.288726747582	-1.16787130524	1
1.70288581069	-0.312783466737	2
-1.45942186968	-1.24931741764	1
-1.4878289512	-1.12449155468	1
1.63468596845	0.80344059647	0
0.955692813369	0.588394081838	0
1.30919361098	1.13163212536	0
-1.79844139316	-1.06219499795	1
1.10450310725	-0.631181503152	2
-0.891095777541	-1.67684461959	1
-0.312334084276	-0.649840786139	1
-0.238211677245	-1.24411823003	1
1.01425830312	1.94041299878	0
-2.28097455865	-1.2336844367	1
-1.02975317951	-1.25874277839	1
-1.55889754535	-0.726769675128	1
-1.38141504516	-1.34199672436	1
1.52212943817	-1.35534947399	2
-1.8473871892	-1.05743170699	1
-1.31807921426	-0.580563195823	1
0.881139723869	-1.21709682871	2
1.6433017154	0.1313761462	0
0.82320025983	-1.04929610474	2
-1.15178152031	-0.862770308622	1
1.21278856486	0.808540480275	0
-0.749002444515	-0.262780399912	1
0.972923390781	0.519494379672	0
0.398451369597	-2.4929594651	2
-1.800891245	-1.55987058886	1
1.40162774642	-0.415406597146	2
2.01436185745	-0.762863469675	2
1.15742284791	0.466696561273	0
0.793609147586	-0.414164784289	1
0.786406008383	-0.20281811333	0
0.911425619251	-2.2745322634	2
1.31691320139	-0.710937018686	0
0.755886092677	1.64684950594	0
-0.957262523263	-0.475233430247	1
1.03775507858	-0.990254310123	2
1.77298038381	0.647694223951	0
0.17659031778	-0.14792112871	0
-0.262809803689	-1.49207810511	2
0.728516082432	0.485412359597	0
0.0782590125508	-1.23083013027	1
-1.11680969121	0.0174496482754	1
-0.646923703809	1.15362214848	0
0.787163925433	1.08339415979	0
0.228135338895	-0.667757031607	2
-0.662051253613	-0.870693564698	1
-1.04366763799	-0.489101048792	1
-2.33969409039	-1.36397734735	1
0.0675080803023	-0.850053878968	2
0.417566161263	-1.55420097415	2
0.27539490592	1.53123837703	0
1.84277142673	1.56074017123	0
1.59358462809	-2.18996362714	2
-1.96523085197	-2.23249191922	1
-0.788434439731	-0.455249105684	1
-0.278043223031	0.69562032664	0
1.11142291659	-1.20677267127	2
1.49052589434	0.469757041495	0
1.96354631743	-1.03198430637	2
-1.59022334115	-1.89633611664	1
0.594066515256	0.250623659867	2
1.32352864187	-2.19695209133	2
1.0728076326	0.788677956101	0
-0.71832599552	-0.92642801258	1
-1.29586578709	-0.504796579258	1
-1.18942718217	-1.44855527828	1
-1.68473328289	-0.0194336856785	1
0.686912838782	-0.372392914855	2
-0.684888877318	-1.57816762117	1
0.108382953725	-0.402714446365	0
0.783883032283	0.454604930447	0
1.2527260246	-1.3920275479	2
1.59283868506	0.91148804905	0
-1.14455315493	-1.42233938789	1
0.455484840929	-2.36618230496	2
1.7061784309	-1.22680776949	2
-0.42776261359	-0.107994335424	1
0.48724009659	-0.61608026695	0
-1.29305132949	-0.427208930359	1
-1.49179469111	-1.96008402705	1
-1.49606543598	-1.22476274368	1
1.22447635471	-1.27995342457	2
1.7621601084	1.29540052976	0
1.40104386365	0.737322856377	0
-0.16058750417	-1.29459968801	2
-1.58394919543	-0.791495875852	1
-0.709445380733	-0.416254152261	1
-1.0728937507	-1.10693660518	1
-1.285999902	-0.878961285641	1
1.01479392884	0.949585720842	0
1.67033727716	-0.230573554958	2
1.29760202757	-0.305185197583	2
0.641127208743	-1.03261516634	1
-1.84480548435	-1.56652622463	1
-1.00532784024	0.100246311624	1
-0.606058070715	0.0586680101538	1
-1.3044138982	-1.45176230833	1
-0.163541314705	-0.267566886865	1
-1.79846451186	-0.257326327282	1
0.377500782751	-0.606288099467	1
-1.66204448219	-0.576752097722	1
0.773913356368	-1.79746999853	2
1.22930687716	0.582282383814	0
-1.09903842483	-0.987411866454	1
0.884064695076	-0.939375850104	2
-1.11628386562	-1.23903702386	1
-2.82099923377	-2.04057709601	1
-0.0627629514886	-0.689157395705	2
1.23122299454	1.48977894761	0
0.28711585981	1.28297784635	0
0.336846532666	-1.89605814256	1
0.534047558209	0.679522822018	0
0.695131156559	-0.906308128647	2
1.1814677866	-0.260387485487	2
0.817839522873	0.860446287165	0
-1.9407965578	-0.751696970997	1
1.40845491731	-0.796221802548	2
1.26529420794	-0.166849080376	2
-0.971191118991	0.712182186631	1
-1.20597684167	-1.45617133133	1
0.356059361258	-0.779301602578	2
0.109685588778	0.829587363171	0
0.384521505654	-1.40653227519	2
-0.253561547019	-0.672026755017	1
-0.535001274415	-1.63214642468	2
0.820019300111	-0.55997100718	2
0.828958953542	-0.400682936088	0
1.66068221263	0.477452672048	0
-1.24441026919	0.11909690205	1
0.463240307759	0.894303269712	0
2.90590008993	-1.03797206576	2
1.89417630975	0.512480588335	0
-0.187298850523	-1.31679364857	2
0.79645460832	0.986541015232	0
-1.1135765273	-1.58710732628	1
-1.02131024856	-1.19605729477	1
-0.143034746801	-0.962174612585	1
1.20171466421	-0.773695348976	2
1.67747364485	1.09993639292	0
1.32705177291	-0.702633829961	2
0.583828699971	1.14892673867	0
0.825674136016	-1.06571635018	2
-0.247367779509	-2.41934506196	2
0.794493784439	-0.6480254775	2
2.94724794231	0.449991435565	0
1.37518448917	1.08731719903	0
-2.05294098434	0.557973194074	1
0.454456386614	-2.18299323808	2
-1.19519902276	-1.42281441873	1
0.779080818823	-1.04687878265	2
-0.461856466777	-1.09254868719	1
0.524369976882	1.86935290366	0
1.71402707856	1.14940379884	0
1.14605501641	-0.999355961369	2
1.09051460048	0.614761726228	0
-2.51346638974	-0.378838487536	1
-1.00981473582	-0.373110366763	1
2.62338293636	2.68512732752	0
-0.724733812321	-0.0533362575998	1
0.200279276628	-0.353102008598	2
1.76536091806	-0.0105067957575	2
-0.840405850912	-0.506827626772	1
1.47693952377	1.75407881562	0
-0.146302624817	-0.972885151247	2
1.0783957128	0.221187686931	2
1.39591902202	-1.33425165988	2
2.03095718775	-2.32528094267	2
0.749449976313	-0.689985537276	2
-1.30177158845	-1.21881050372	1
0.396924625206	-1.88674437635	2
1.74192134898	-1.83004646887	2
1.71624089518	-1.12383189803	2
-1.60220460375	-2.32061682569	1
2.0028416185	-0.995881935764	0
0.195452698293	0.269157583125	2
1.49389500834	0.0460739918549	2
0.414614122294	-0.612507232231	2
-1.79654416503	-1.28254331426	1
2.46886469768	-0.519868531213	2
-1.16639290771	-0.776632069915	1
-0.985813556162	-1.50872895687	1
0.221776634506	-0.887082386996	1
0.106164304358	1.02923944142	0
0.886439037903	-0.0975576308464	2
1.67942632125	0.304351832108	0
0.789244912772	-0.798480333063	2
0.817503218929	-0.352777341926	2
2.09613610722	0.0232347947872	0
0.894656268175	-0.089084539567	2
0.615540499542	-0.452293542545	2
-1.78140742542	-1.26647882527	1
-0.145616380951	-1.56335731615	1
1.0917973416	-0.698704862729	2
1.07040448706	-1.50555899437	2
0.870898331643	0.790116893841	0
-1.1197241492	-2.13164363844	1
1.7434897966	0.753581369191	2
0.117578459437	-0.863749858043	1
1.52170070364	-1.01265531477	2
-0.0192435829484	-0.235655085698	1
0.693828635924	-0.822594603492	2
1.20980214325	-1.74728707116	2
0.375289931471	-0.959791915756	2
1.32946216632	1.02151748533	0
1.33490310605	-1.06375952902	2
0.581434235219	0.981441107638	0
-0.0738612037056	-1.74190907613	1
2.06762637037	-1.44852986361	2
-0.770146521841	-1.00981070572	1
1.87501322226	-1.44160276999	2
-1.37828388616	-1.29734809387	1
-1.30193061131	-2.20487207219	1
0.542112963994	-1.79203325864	2
-1.05868074171	-1.36184367066	1
-1.15070066354	-1.21265870369	1
1.30824772448	-0.216705363885	2
0.59971187017	0.614216090183	0
1.0376597236	0.479407771773	0
1.25943230798	1.76666074935	0
-0.794636292474	-1.28844588132	1
0.327316081067	-1.65607280417	2
-1.03465597962	-1.02173046499	1
1.02101639216	-0.297583236912	2
1.55476395028	-0.454691672869	2
0.402470880683	-1.9141753797	2
1.23623675614	0.0594964736338	0
1.73353722642	-1.10251532805	2
1.09955039467	0.919886849754	0
0.108887891579	1.54724605265	0
0.312676917995	1.33804201214	0
0.436132094299	-1.57289823376	2
-0.557358935403	-0.551773038706	1
1.170310949	0.00780647385783	0
1.36713198186	0.898589769016	0
1.0328353656	0.588600132352	0
-2.22331304603	-0.772428603679	1
1.37711593519	-0.677146174697	0
-0.697727255585	0.275117136965	1
0.699522548722	-0.692783550456	2
0.058562025456	-0.376475069542	1
0.257053327514	1.14777822415	0
0.89587356931	1.15486152902	0
-0.590200666695	-0.269190831162	1
0.611526871637	-1.23923590379	2
-1.62439633978	-1.78379688211	1
1.0168709425	-0.259225993022	0
1.03906665447	-0.521873674709	2
-0.446374559693	-0.232201393923	1
0.898719483537	0.570971820317	0
1.08329190231	1.29880185371	0
-1.07624312772	-0.291010552272	1
0.237790577301	1.17387318716	0
1.32812241603	0.356447548569	0
0.77036329628	-0.806837139494	2
-1.16929356976	-1.4780892695	1
0.381283502823	-1.0733082866	2
1.32867399503	-1.0462679899	2
1.51406711328	-1.06383389693	2
1.19176298024	-0.421696592524	2
-0.729426863576	-0.956193706495	1
1.25636923514	1.23245716896	0
0.178724322573	-1.50220194921	1
0.475414786402	2.49514125336	0
1.56463418936	3.01896269418	0
0.839786783541	0.138054015541	0
1.91941458089	-0.180847368294	2
0.015550481579	1.21922278528	0
1.27806932796	-0.587782054189	2
1.04312075598	0.398762255105	0
1.19829670208	0.927795489334	0
-1.17679188658	-1.81776749639	1
-1.48682344997	-0.899601960016	1
0.30040989994	1.76589842177	0
1.96660630983	-0.79012936223	2
-1.2490561401	-1.03939663098	1
0.33796694902	-0.555475209616	2
0.343579476582	1.1939959749	0
-1.41938253569	-0.539594837653	1
-2.11701410508	-1.11617636277	1
1.77563993534	-0.102510747083	2
1.78132691211	1.29157956996	0
2.48978273168	-1.06634087327	2
0.146615274993	2.06545009364	0
-0.0584023349551	-1.953315387	1
-1.68128470908	-1.48169499128	1
0.399709995039	0.460690980645	0
0.591766461204	0.135747953438	2
1.19520993236	-0.249596318815	2
0.0206659751793	-1.33545062631	1
0.47549436189	-0.393761316924	2
-1.06802882134	0.260686724512	1
1.73013141725	0.603735636946	0
0.952488538008	-1.03570420408	2
-0.117451578257	-0.666554684693	2
0.167361589055	2.08750808783	0
2.0443062711	-1.20590073534	2
0.0995935168438	-0.101214570341	1
-0.6822245281	-0.941452973465	1
0.225351350812	-2.32934510321	2
0.454077330129	0.323018347628	0
-0.877869741119	-2.05561743211	1
1.40737572019	-2.00900610437	2
1.53256183231	-0.148693132679	2
1.4263144477	-0.149622678432	0
0.387870591882	0.902889238115	0
-0.812535145851	-0.690128994838	1
1.09240527264	0.293802889703	0
1.21820518942	-1.53583321296	2
0.859936595028	-1.12541132047	2
0.724738489264	-0.348243362903	2
2.78437491117	-0.648036338755	2
-1.8373984003	-0.339939433986	1
-2.12560148742	-1.12214339461	1
0.213812111415	0.963152032802	0
-2.13287706689	-0.542334926433	1
-0.596905173714	-1.28468380745	1
1.4146444594	1.4813814285	0
-1.30788358414	-1.29947068066	1
-1.41836349577	-0.264010513217	1
1.28691936352	-0.469025712756	0
1.1041210012	-1.15663127606	2
0.023416431864	0.669885379045	0
-1.89440668504	-0.0501953860537	1
0.864101336193	1.35703113979	0
2.14267408766	3.0735804509	0
1.0132578969	0.584926288479	0
0.530198812578	1.28045738659	0
-0.417823648775	1.06722715203	0
-1.18740080577	-1.31969145627	1
-1.52360485671	-2.22129733398	1
1.00534615683	1.19560474583	0
-0.626860128751	-1.27752872829	1
0.327720029896	1.66958017271	0
0.301526574255	0.257943722975	2
1.63972490629	-1.70983121431	2
0.619291173459	-1.67904874528	2
1.1484054316	1.74575016918	0
0.861784809415	0.767071626427	0
-0.767497063213	-0.850909873971	1
-0.728683887224	0.352797294707	1
0.843464489536	0.502160048069	0
0.510233875652	0.379433464574	0
-0.471348494134	-1.28301339814	1
1.60434730784	1.65500531915	0
0.50598309588	-0.694717757992	2
0.354564014133	2.06903122181	0
0.652554274436	1.7331178149	0
0.811430502537	1.9076801544	0
-0.289585251133	-1.6833779444	1
-0.243822743249	-1.71894254038	1
-1.01335942472	-1.46612227039	1
0.438625041772	1.26428874671	0
-0.857019895831	-0.441725379316	1
2.20110997113	1.31091214795	0
0.214240498716	-0.399189695319	0
1.23307359324	-1.39213085486	2
0.633352176983	-1.38930812192	2
1.23044491312	-1.99806122876	2
0.860565668889	-2.04861558742	2
1.18461827832	-0.839427201814	2
0.788175002625	0.884515499031	0
0.561974882617	-1.52623678714	2
2.4278321344	2.34294993497	0
0.644801537129	-1.04684244146	2
1.89331128504	0.617943303748	2
-0.572546881502	-0.560362849565	2
-0.535623677699	-0.944090533597	1
-1.78313848275	-1.28151044332	1
0.270183913309	-1.8693385251	1
-1.54463060303	-0.736648510027	1
0.761499406612	1.15954984542	0
1.44317159628	-0.918751523508	2
-1.09932389893	0.363864796421	1
1.75972492482	-0.927795705334	2
1.90682949205	-2.19945583678	2
-0.445884858296	-1.76036430105	1
1.32029817946	-2.04441730275	2
1.49153391807	1.10747084785	0
0.228679737602	-1.37185604695	1
0.472987023518	0.775695904972	0
1.39262824901	-0.68573577999	0
-1.56610622918	-0.712223393261	1
1.67075006467	-0.835987356582	2
1.31809210728	0.66385707416	0
1.25999206745	1.29334915517	0
-1.28143774273	-0.184717818122	1
-1.2979852415	-0.652849558652	1
-0.753635059778	-0.716611751421	1
-0.912090758987	-1.22237735047	1
1.27530686474	-2.24083401693	2
1.59538321556	1.49897420681	0
-0.0196760847902	0.695403035019	0
1.45842130462	-1.38726687698	2
-0.0210526679515	-0.625983556282	2
1.08975347966	0.338047586758	0
1.05897503707	-2.05171218734	2
1.33642047019	-1.92415022892	2
-2.39711507333	-1.93869312077	1
1.10672477677	0.685472683477	0
-2.48147432233	-1.08825406607	1
0.158142204524	1.80963571472	0
-1.12435277155	-1.31786977095	1
2.22981796182	1.79058720162	0
-1.69908904385	-0.940603046568	1
1.22047017093	-1.43529031662	2
0.613881859632	0.14660032612	0
0.280285724072	-1.16520940567	2
3.13952617545	0.430722704014	2
0.968494600424	1.38686920656	0
-0.349264515879	-0.369988412826	1
0.0983916272128	1.04521933995	0
1.4120831797	-0.329015501524	2
1.05269119498	0.838304361236	0
0.760067006371	0.263651162292	0
-1.84784711939	-0.706416381814	1
1.51177983965	-0.893251966083	2
-0.139430876219	1.57329242987	0
1.29842004566	1.23622757838	0
-0.490094708663	0.128368608762	1
0.984685539572	1.36218517712	0
1.37909238548	0.555996754034	2
0.960505126784	0.415522014608	0
0.527319486977	-1.73863487831	2
1.68232101729	0.974660875037	0
2.06430724139	-0.507866923992	2
-0.858191923721	-1.53662484816	1
1.2171391681	0.882346724963	0
-0.842722950091	-0.342029445645	1
1.27189430162	-0.806541160202	2
0.738884261993	1.48022752041	0
-0.653547532541	-0.814728844831	1
1.26540592471	1.55708913423	0
1.29732572092	1.54329781745	0
-1.44238520232	-0.527592226481	1
0.774795588922	0.98780973858	2
-1.04625539449	-1.01129975197	1
0.439336637818	0.788259544667	0
-2.5411407288	-1.67891103815	1
0.888968219252	-2.10536649498	2
1.27566053308	0.371677065298	2
-0.294317973151	-2.16620493358	1
1.00437343621	1.54973620709	0
-0.875831026441	-2.33481345058	1
-2.09044632963	-2.12022139	1
0.35983967675	-1.31593296171	2
-0.133538323488	-1.92296385375	2
0.470581325504	0.884218384803	0
1.11181620423	1.57067202992	0
1.1076678123	1.34295172418	0
0.826222671284	-1.26686106111	2
0.650060078207	-0.98616259928	2
-0.460754932308	-1.09753762384	2
0.177200650227	-1.55410871226	2
1.01400495315	2.50314261038	0
-1.20070302855	0.0831501372218	1
1.54714684259	-0.298816934422	0
-0.611683946941	-1.75247209491	1
0.724828998388	1.3145979624	0
-0.606941507137	-0.932046468129	1
1.03449957758	-0.856846620402	2
-1.27795936343	-2.24882843477	1
1.22687152199	-0.792160986589	2
1.0341030385	-0.829556178951	2
1.21166746897	1.76320952885	0
-0.956572003809	-0.516922448167	1
-1.69443708214	-0.377384549082	1
1.41746601686	-0.385755492815	2
2.13304232475	-0.452445573506	2
0.183952440426	-2.04623597921	2
-0.23079933875	1.37597152185	0
0.785184504808	-1.71119735994	2
2.02537024726	0.881056921593	0
1.30902219199	0.120617339307	2
0.272547746887	-0.156436801035	2
-0.269953406381	-1.65523807024	1
0.583824304636	0.280845181241	0
-1.40720246377	-1.93241425964	1
2.21265367585	0.220328228154	0
-0.550922351749	-0.761489793188	1
0.692318412524	0.792553163713	0
-0.951923348178	-1.3693032255	1
0.754642919548	-0.52422320537	2
-1.51814232829	-1.46332689312	1
2.00178045546	-0.657047187076	2
1.34428618002	-0.296742694523	2
1.10079916296	1.86424937802	0
-0.814663064504	-1.17361623668	1
0.728955107193	1.57119879115	0
0.420001536672	-0.108898540059	0
0.868483706591	0.932661429887	0
-1.02645446945	0.470345141235	1
0.580690071032	-1.41465896634	2
0.841781922971	-1.08631414048	2
1.31376119659	0.551632988476	0
1.99722292332	-1.04549323091	2
-2.43414562376	-1.37844116452	1
1.28390244072	0.736605264143	0
-1.19173587776	-0.258081692156	1
-0.361180292111	-1.19822490925	1
1.06187080901	0.455792283627	0
1.31758604329	0.746008926343	0
-1.39856167448	-0.724572844119	1
1.86542522785	-0.511393253082	2
-1.32948782532	-0.700311292439	1
1.17360040463	2.3069245881	0
-0.950171640983	0.0592948240419	1
-0.46015050168	-1.42902693947	1
-0.660413364895	-1.27804139219	1
-0.853440639686	-0.456224355073	1
1.49127460213	-2.51050652586	2
-0.507761733857	-0.907068349457	1
1.86077709473	0.846695872953	0
0.550166550659	2.06523142497	0
-1.51153725192	0.408007494912	1
0.407898147577	-0.368110838943	2
-0.0377125986831	1.29110645602	0
-0.697504836363	0.224333745132	1
-1.81337764846	-0.913939797346	1
-0.413138021435	-0.204200454066	1
-0.906092884349	0.014053279048	1
-1.28915491304	0.235073205491	1
1.19138826941	-0.295941006679	2
0.672848513455	-0.877890626713	2
1.35135765852	-0.450061737839	2
-1.06837462793	-0.861603934058	1
-0.454826954112	-1.03534308022	1
1.18727831698	-0.165028819167	0
0.609544512155	0.0777148612401	0
-0.211439636222	-1.56508656694	1
1.34446732495	0.975993312196	0
0.161698418151	-1.5412541628	1
-0.24015177887	-1.48018151706	1
-2.00338834599	1.15991110528	1
1.02078753928	-2.7525262026	2
0.719358736124	0.480033216385	0
0.340915581212	-0.905054634451	2
-1.12044482573	-0.307287449489	1
-0.114367538252	1.29962456821	0
1.02330286093	-2.39883907003	2
2.28282580725	2.07434086746	0
-1.38557416378	-0.759553561435	1
0.723272929256	-0.804253521058	2
0.791762305205	1.24084604879	0
1.3761619291	-1.41671929964	2
-1.19885809036	-0.329298984036	1
0.964205873643	0.736221548764	0
-0.566236438773	-1.74920905638	1
1.25345138563	0.657331693302	0
-1.48531650415	-0.808690187041	1
-1.11105394247	-2.3867359929	1
1.10893203301	-2.47135264799	2
0.926639615508	0.0891796141825	2
0.9713970214	-0.942088074712	2
-2.03436322908	-0.380893066826	1
-1.91686794624	-0.484060022299	1
1.15516910171	1.25164675507	0
-0.329016924019	1.72550663048	0
-0.929727607735	-1.21622930912	1
1.71201029556	-0.627566894298	2
-0.323271778757	0.141193249797	1
1.683469826	-2.0549841577	2
0.619827523219	1.86170387106	0
1.22104010592	0.472873610784	0
1.31066125388	1.12471331514	0
1.56418100702	1.24296519031	0
0.190076924831	-0.347663791694	2
0.0515642765905	1.30817445949	0
1.5825678931	1.15126358096	0
-0.532529157954	-0.577767446856	1
-1.45637591916	-0.59500642719	1
0.595802430187	0.79928419364	0
-1.25639810036	-1.1194905324	1
1.10459873921	2.39936633307	0
-1.35274379393	-0.407355238015	1
1.43964882509	-0.820565795627	2
-1.67599631155	-1.61093480392	1
-0.738264801951	-0.890618075726	1
-0.346517066785	1.77823381554	0
0.888776049647	1.73264081732	0
0.286329882602	-1.82873360494	2
1.8981316764	-1.70306949108	2
1.40699432328	-0.267523797858	2
1.41369747772	0.497060195075	2
-1.58481927354	-1.82324510524	1
-0.0809036644839	0.474053052243	0
-0.489209867819	1.776549606	0
-2.28978431435	0.415410479202	1
-2.02016598721	-1.67818864349	1
0.473038841605	-1.32259970452	2
1.76159576255	1.51065589713	0
1.34436806868	0.922407111982	0
1.60544829199	0.269269656724	0
0.227232929219	0.254219738364	0
1.77423858471	-1.49500790928	2
0.707009724964	0.7629797954	0
-2.71136168663	-2.24398759446	1
0.905756050515	1.04965199354	0
-0.541456247991	-1.43861640243	2
1.92131451164	1.81134291006	0
-0.314241109884	-0.0774215770308	0
0.1296670679	-0.62485131989	2
1.45463218487	-1.88312970249	2
0.131830825689	1.59177004386	0
1.3597403467	-0.85916625069	2
1.9333102364	-0.453374488157	0
0.854350519887	0.376262170732	0
-0.44085474053	0.726097265724	0
-1.11584152174	0.0786894862945	1
0.69471975659	0.148342610823	2
0.0918267352228	-1.24704988237	1
-1.6299140202	0.252036472545	1
-0.986735506386	-1.51873746523	1
1.59402540722	-1.52065521221	2
0.117558766868	0.954390900968	0
0.523925330739	-0.465126082209	2
0.100510208218	-1.72289737785	2
2.62762633234	3.51391591737	0
-2.3639754139	-0.841389059252	1
0.574111096089	1.07182437585	0
0.927075387024	0.536001475075	0
-0.486322890625	1.3001369375	0
0.878778197256	0.465937550549	0
0.155727895421	-1.4500043874	2
1.01336765358	-0.260819820976	2
1.12903927069	0.188893596892	0
0.340645708526	-1.50370748257	2
1.6524904165	-2.0768640079	2
0.1296563944	0.0873805527816	1
-0.507668983543	-1.34809397434	1
-0.263611341215	-1.97553862048	1
0.716546746918	-0.598439146753	2
1.55498326412	0.81669660285	0
1.08753254303	0.37728245307	0
1.15194086319	2.00377286502	0
-0.665554139814	-0.198667350104	1
0.636587563616	-2.36568093959	1
1.37275447147	1.75616389537	0
-0.0450547549078	1.98453253075	0
-0.61437414595	-0.28116810239	1
0.812203379099	1.01250731909	0
-1.66502835769	-0.0197555499149	1
1.67678703963	1.93737713344	0
-1.35541502528	-1.30095211858	1
0.872951548863	-1.4662888226	2
0.828152386376	0.404630866364	0
0.854232113109	0.506060290666	0
0.218248287606	-0.717208117077	0
0.836791928722	-1.6012019831	2
2.6197027047	1.1601700324	0
1.14586870653	-2.15602990671	2
1.81428966064	-1.34432404161	2
1.05509469347	-0.993584112132	2
0.364779738542	0.406182936203	0
1.80287065821	1.39204822467	0
3.23190854768	2.06228762227	0
-0.932899376243	-0.183817359244	1
1.93286345949	1.33200985694	0
-0.565392604107	-1.36315457359	1
1.58288169122	-0.0497994438585	2
0.910104742521	-0.124479450544	0
1.98159038253	1.07520802882	0
1.45153377889	-0.6320070794	2
-0.537579751642	-0.580660042219	1
-0.818438968877	-1.76608525018	1
-0.481313840167	-2.2577204036	1
2.02564222243	1.32835262173	0
0.640090472111	-0.324767648005	0
1.34312994918	-1.99171470245	2
-0.136022842244	-0.764670229339	2
0.425057264043	-0.304235233258	2
2.2083768949	2.1907736604	0
1.45994036611	0.935574360005	0
1.2828953827	-2.1547074902	2
0.449658160933	-1.38069257588	2
-0.563513560968	-1.9319682487	1
1.44311475195	-0.155994767567	2
1.03801084011	1.24758918125	0
0.378406129139	1.4809539658	0
-0.689613411429	0.206225450403	1
-1.83344607742	-0.551237310575	1
-0.391945670246	-1.2265295557	2
-0.0642885824055	-1.0104777286	2
1.25297456287	-1.88072917838	2
0.514422863279	0.125970229691	0
0.853024487787	-1.53802992959	2
1.15230760769	1.13515639473	0
-0.363622257957	-1.41892077619	1
1.04742021464	-0.19817631749	0
1.25803674668	-0.686800412478	2
-1.79407119208	-0.809649227115	1
0.668380689622	1.68679097521	0
0.934339324668	0.489865705385	0
0.248292771701	-0.363080677917	2
1.00746334118	1.47931883741	0
0.725106104026	1.47343242425	0
0.178285502218	-1.37393612748	2
0.615525452449	1.28027460314	0
-1.69269632814	-1.95691054195	1
-0.496468215683	-0.941226831871	1
0.559829277361	-0.893478006769	2
1.43116398771	-0.0189794218536	2
-1.94966542708	-0.0356882179924	1
1.39058073009	-1.48370638278	2
1.39782429511	1.69811017104	0
1.10494072753	-0.161338188788	2
2.14988790756	-1.28110447473	2
-1.3682242646	-0.235783127595	1
1.66709687637	-0.295603351034	2
1.32227205913	0.770386966075	0
1.31474749964	1.71360151834	0
0.399553626122	1.63675069555	0
1.79956736251	-0.688505750009	2
-0.91369879907	-1.91866054364	1
1.23687244158	-0.563265689722	2
0.74558037781	1.10820182647	0
-1.42030632005	0.100102663338	1
-1.85398136174	-1.40275479929	1
-0.32421882827	1.78560873268	0
-1.12083872841	-0.655040681517	1
-2.76082367526	0.0250240457541	1
1.95091996094	1.42968072548	0
-2.06505469378	-0.952662882457	1
-0.414501054032	0.0508532558085	1
-0.151948420471	-0.478450532544	1
1.04326109788	-1.59989024677	2
0.125267582934	0.00163107204155	2
0.68140325217	0.769459393765	0
1.02135031422	1.68419553699	0
1.19387142332	-1.98792798098	2
1.64370417737	-1.33969744621	2
0.231756259492	-1.6455964158	2
1.21098322859	2.06009969587	0
1.581600892	1.57116566838	0
-2.17562587921	0.105513369799	1
1.18199467827	-0.817044339349	2
-1.10303605971	-1.16026778612	1
-1.24684645733	-1.32127934724	1
-0.0955119045698	-0.967882644069	1
-0.805115965722	-1.85951720042	1
0.910335134738	0.848122444424	0
-1.2914160391	-1.8374588282	1
0.601199809151	1.87148307641	0
1.04079529381	-1.26959294145	2
1.04107820124	-0.895577605864	2
1.30499129226	2.00199594606	0
2.24484939124	-0.0736837150219	0
-0.123173867524	1.24829716707	0
0.136376992436	1.23969490604	0
1.87797835661	1.48781798872	0
2.27763351349	0.329798209594	0
0.133780304851	-2.01343708079	2
0.547639101189	-1.36624594019	1
-2.20441081977	-1.73359312188	1
-1.44693157624	-0.846339618769	1
0.40128125531	-0.313748993441	2
0.401972191961	-2.38640392858	2
-0.537913824951	-1.33884269866	1
0.414714660174	0.726238573265	2
1.30162390469	1.24935286024	0
1.09049946569	0.720635061604	0
1.82051197515	-0.791629769906	2
0.486386944888	-0.925344845302	2
1.75985145355	1.53603506361	0
-0.364247211002	0.91535455962	0
-0.213998751243	1.51336944891	0
-2.02411867919	-1.43809560942	1
-2.20271024774	-1.83228017711	1
0.9712720404	-1.88100459113	2
-0.0175075762543	1.08583359989	0
-0.967926979751	-1.07252217663	1
2.11680893582	-1.43985995437	2
-1.40752838183	-0.436222747533	1
0.013576392783	-1.51032852012	1
-1.62617822176	-1.44309575459	1
0.201878067405	-0.314379313201	1
0.321089705254	1.50452547781	0
0.647211378574	0.61335267596	0
0.740657616158	-2.28782243906	2
-0.890823679993	-0.885421101063	1
1.03495662065	1.62978791734	0
1.63762236627	2.08046477347	0
0.646157760809	3.07607704725	0
0.709534312357	2.29965009804	0
0.895141467003	1.81393114473	0
-0.719008314167	-2.29312625235	1
1.9566353808	1.13347604866	0
2.00522981967	-0.874118626642	2
1.31301667772	1.7790605097	0
0.601474535615	-1.33283858427	2
0.0578421930391	-0.743148931335	2
0.496863766444	1.40749876061	2
0.4769833849	-0.89932148856	2
-1.2513161924	-1.33680825254	1
0.965596937967	-2.02180335738	2
-0.130783477591	-1.71654835255	1
-0.46579942665	-0.729169550507	1
1.43470924698	1.4261682893	0
1.16773356008	-0.236661749344	0
0.301931740004	-0.98169724301	2
0.20368955763	1.00278369053	0
1.21405785544	-0.661975421103	2
1.25051302986	0.921739255036	0
0.872848963173	-1.31265987137	2
1.00995883836	-1.85175240035	2
1.21063346398	0.882190919954	2
1.08942961025	1.02230678245	0
-0.985339067463	-0.0726001051937	1
-0.90005211993	-1.65210332551	2
0.215812015828	0.0834140504824	0
1.99854332921	-1.58401545909	2
0.465729279739	1.19297878223	0
0.761100113116	1.08182007119	0
-1.64405255938	-1.25855692113	1
-1.67118502301	-1.30363808297	1
0.435828748306	0.462041328913	0
0.825666092191	0.644229676805	2
-1.2220841108	-1.23489298225	1
-0.745561730478	-1.52064663535	1
1.54303468124	-0.644671047209	2
-2.07069069975	-1.32614339724	1
0.70656627288	0.864379341677	0
-0.532682784856	-0.830212914294	1
0.92534692709	-1.69112832461	2
0.616970969526	-0.326114312151	2
-1.5597705437	0.193244308181	1
-0.614374760827	-0.823778838952	2
1.39601261171	0.668582980999	2
0.122074776417	-0.901099200142	2
0.963905839742	0.518831027517	0
-0.0480843856804	-1.08746325578	2
-1.17600419071	-1.06628495852	1
2.17018701046	-2.33841210288	2
1.51148161561	-0.809190835634	2
1.48418292034	-1.48324058891	2
0.116106898204	0.416210461779	0
-1.57776556568	0.312916573392	1
1.15726066513	1.07263995242	0
2.04002805392	0.259518412243	0
-0.423729775802	-0.23626916442	1
1.39664286115	-1.63627429089	2
1.26564920527	-0.855956176715	2
1.92057570122	0.932920242308	0
-0.318639768925	-0.470064903291	1
-0.418103914879	-0.0171748861192	1
1.1819795369	2.14039569879	0
0.561875290891	-0.798848632917	2
0.876872065928	-1.12741729566	2
-1.34208868794	-0.508791159156	1
0.922435571294	0.72890014193	0
1.70319268672	0.946037502857	0
-0.378654084332	-0.181289631614	1
-0.988605612668	-0.578581407337	1
0.24677815246	-0.922918245702	2
-0.386575038915	-0.710032953695	1
0.926508019376	0.899065568265	0
-0.830340818399	0.076447712148	1
1.46523338455	1.11204768864	0
0.360908631757	-0.615833524282	0
0.634070717074	-0.571899292121	2
1.14936593716	-1.49099008265	2
1.47575395057	0.10438329872	2
-0.595858253462	-1.30304437055	1
2.38560107406	-1.4615129342	2
-0.741988353818	-1.53415411318	1
1.28601718434	-0.420048965309	2
-0.739380288277	-0.36818979752	1
1.76925584888	0.280161749239	0
-0.745044441452	-0.356484323546	1
0.305714936004	-0.498211810705	2
0.00326486968978	-0.044639323539	1
2.16855624803	0.265119768864	0
0.562983102964	-0.290239666924	0
-0.0834522748526	-0.73373055916	1
0.627572654055	2.73208606088	0
0.404908831265	1.68924971516	0
0.762174897503	-0.530183841515	2
-0.23162911392	-0.423636099074	1
-0.528231325976	-0.852037824331	1
1.52407161985	0.26520401523	0
-2.55329021321	-0.673839507044	1
-0.890124765536	-0.582056496591	1
-1.62682283045	-1.11243115047	1
-0.289801977615	-1.23324776495	1
1.24526006584	1.31288747979	0
1.41625263959	-0.123834765672	2
-1.87750560419	-1.9067322387	1
0.673657093868	0.422340341389	0
-0.579056289434	1.40754769517	0
-1.36946770135	-0.958999775659	1
2.05992131015	0.96520001691	0
2.10924458804	1.95097434551	0
1.17430080215	-0.970931313042	2
-0.269138092683	-1.58623218708	2
2.28738378961	-0.941785925686	2
1.79526872562	0.150403042121	0
-0.849679228122	0.0848976377749	1
0.965131440892	0.989948595241	0
0.966272720608	-0.560906137076	2
2.74308170939	0.966268423029	0
1.5746230631	-0.576788297158	2
0.21167362991	1.32289887312	0
0.728710105259	1.92503605762	0
1.67294122252	1.3278048229	0
1.72091768246	-2.2988315736	2
-0.670318590803	-0.571021438432	1
0.174614337895	-1.04526002434	1
-1.12558503437	-0.361989896327	1
0.174082708178	-2.01372307526	2
1.11782968563	-0.824335797781	2
-0.576180647681	0.190416560875	0
0.258842563402	2.05590048877	0
-0.438051190907	0.322093463805	1
0.402413892945	-2.39543566625	2
1.51653983706	1.75207821134	0
0.560437607693	0.55742472948	0
0.54985115617	-1.65906496661	2
1.68139958643	0.0842718771382	2
0.576192855208	0.155918702393	0
2.44448541058	-0.981687614303	2
1.87895825902	0.169749510372	2
2.0021154993	-0.465374312981	2
-2.19788646179	-0.165094115698	1
0.959747331506	1.18555580019	2
1.91541690249	-1.09862904082	2
1.09863311406	-1.11879913715	2
-1.43628580064	-1.3901248279	1
-0.778305833347	-0.578212813437	1
-1.14160503194	-1.17495627033	1
1.40624207297	-1.79437502344	2
0.502661292175	-1.34690696108	2
1.479273981	-1.0456746312	2
1.54499185454	-0.96433685049	2
-0.546939168346	-0.0910501842662	1
0.206925801352	0.896434230163	0
1.93284932638	-1.74542222192	2
0.789183311347	-1.14694477366	2
1.2907776768	-1.39188536204	2
0.759348777786	0.884294866635	0
0.798285082889	1.21228800177	0
1.54551753773	1.42777797367	0
0.682336049776	2.05029055371	0
2.25481644542	-1.41860199314	2
1.21230650109	-0.861903771841	2
1.90532642002	-0.889464024297	2
-0.620007063901	-1.83973147518	1
-1.74875767105	-2.12808157104	1
1.15122354048	1.14882466464	0
-0.908382688559	-1.73363861561	1
1.1428131478	2.40897093486	0
-1.94445701341	-1.13820955578	1
0.840876309658	0.220995045695	0
-1.80642800426	-1.27515164753	1
0.780494099795	0.483668769679	0
0.066626322185	0.0189967241937	0
0.857998969931	-1.59932389476	2
1.65618979855	-2.03562254593	2
0.92340253225	0.772174118515	0
0.406950653665	0.884486978034	0
-2.2355897693	-0.591373405357	1
-0.813292620648	-0.373425934154	1
0.651737690363	-0.761743084438	2
0.194496174735	-0.0616964208239	0
0.748977777632	-1.81828397508	1
0.18758582928	-1.81114062948	1
-1.53940534478	-0.343399614674	1
-1.88032761435	-1.68505150066	1
0.531975095805	-1.97701677752	2
-0.176216062602	0.46149683196	0
-1.05116780487	-0.782065291322	1
1.33517829041	1.84816412746	0
0.809166414077	-0.680484100603	2
0.8101908254	0.452386119812	0
-0.265005285142	0.00154238587817	1
0.858746243553	-2.67977671974	2
-0.535814894735	-1.63471891403	1
-2.31858512383	-1.71116494917	1
0.432249886946	0.22595648937	2
-1.59893776377	-0.855237034839	1
-0.835033675909	-0.540568416822	2
0.928864561756	1.04617401233	0
0.800138678816	-0.707866308787	2
-2.38761088757	-1.0984259555	1
0.921612929641	-1.57549524235	2
1.37741225496	0.0904409321876	2
-1.85872424727	-0.926033072652	1
-0.859249375495	-0.320836181436	1
-0.255414791795	-1.80362174683	1
1.34926941774	-0.053751924579	0
-1.20609868512	-0.900841101617	1
1.67867293792	-2.26337612406	2
0.429100396947	0.392517497391	1
0.215298771107	1.32251325008	0
-1.43101300981	-1.80567314384	1
2.03570292371	1.45848155696	0
0.704039166	-1.68419167661	1
0.829979015422	-1.14750862908	2
1.16725059885	-0.790934223818	2
-1.14514009967	-0.499409091938	1
-0.654147871682	-1.95946095812	1
-0.657087809657	-0.64342219542	1
1.3773385503	0.42975416005	0
0.642679658694	-0.608359303399	0
1.92320572498	-1.76290664169	2
-0.934212903441	-3.31679176135	1
0.959009188682	-1.45345810363	2
-2.51285668289	-1.74381374534	1
-0.230810576173	-0.754705008331	1
-1.32573607818	-0.958318335758	1
-1.43188637773	-1.1102826305	1
1.72086500983	1.11047959254	0
-0.0798075700633	-1.40349360501	2
0.439364641172	2.09214519516	0
1.3933345303	1.32194637878	0
1.69736081458	2.85742522834	0
-0.852507110644	-1.53442032614	1
-2.26959945543	-1.46169215642	1
1.8430088122	-1.63585337249	2
1.28256642512	0.895177450541	0
-0.702033457691	0.946020468565	0
1.84178676014	1.55225215886	0
2.04824443792	2.26400582045	0
0.687861989169	-0.392247891285	0
-0.106239243125	0.406395500867	0
-0.332270351588	-1.90946256009	1
0.228265663615	0.663373657779	0
0.131890420692	0.460369466449	0
-2.57135466028	-0.915100676995	1
-1.74475850256	-1.40351462457	1
-0.964609195767	-0.968179934389	1
-0.890346205073	-0.754672519733	1
1.14555942614	-1.4301256146	2
-1.65668710538	-0.761543262986	1
0.834559858739	-1.15505429617	2
-1.52680250757	-0.853945466045	1
-0.564437455563	-1.115636541	1
0.580555823394	-1.73903228377	2
0.926337432549	-0.327835922565	2
0.503855651043	0.856768424879	0
1.85827974352	1.02781292829	0
0.999597786334	0.668722438449	0
-1.20609492676	-2.4521488284	1
1.40725636841	-1.54931806492	2
1.47825454643	1.24678023308	0
-0.92537876155	-0.575688070071	1
0.201287629515	-1.10247122019	1
0.217609653979	1.25151189104	0
0.596864281317	0.152081413524	0
0.595050262387	-1.42146175775	2
1.49532935192	2.25571352518	0
1.41639851785	1.36297024644	0
1.53231435945	-1.19364704528	2
1.72995536167	-0.649730953079	2
1.07651607298	1.24974733107	0
-1.54105020201	-1.22193349009	1
1.5732156184	1.13018230749	0
0.734549602836	0.68363109162	0
1.81082469124	0.238590753091	0
0.684750369673	1.10797031667	0
0.917373894008	-0.529571401486	2
0.693090029137	0.433175521072	0
0.978121907532	0.586332881646	0
0.629635959482	1.51951334264	0
1.83046861581	-1.69411072068	2
1.08707230291	-1.18862051125	2
-0.240216068306	0.836670869932	0
0.282051068533	-0.674927496047	2
-1.83626972434	0.0480964651348	1
-0.934172852231	-1.04335648383	1
0.480506376726	-1.00733632145	2
-0.0353845175166	-0.937494443372	1
1.08290482981	-1.50185517958	2
0.583034183646	-2.07940801994	2
0.98550451078	-2.19700840256	2
-2.60238451972	-0.221808308078	1
0.330775169757	1.62764571866	0
-0.682540381837	1.16801997775	0
0.747384450034	2.30881091751	0
1.46565960776	2.16163234607	0
0.150636876541	-0.194934889119	2
0.208397592828	2.39574197093	0
1.34080024902	-2.33855117246	2
1.72639867721	-0.591033676603	2
-1.65896003261	-1.06913769456	1
1.16333384024	-0.786429960977	2
-1.0958429934	-2.26116586771	1
0.725098405994	0.599646764236	0
1.4984641645	1.47781833595	0
-2.36855038804	-0.82612234976	1
0.310584985313	1.14565856776	0
-0.419639259281	-0.735386690193	1
1.39984572106	-0.68793710249	2
-1.23454509033	-0.400735791115	1
0.336341863151	-1.24705679684	2
1.32551649253	1.50795224808	0
0.137364834312	1.71179095234	0
0.438235983606	0.517224160587	0
1.01661497071	0.296194429375	0
1.10788865675	0.53232660568	0
-2.08068474856	-0.695888986113	1
1.0024750692	1.15661095439	0
-0.313378313892	-0.814617199226	1
2.25481149241	1.29264896363	0
1.95135775585	1.82502076264	0
0.820845646091	1.3012351725	0
0.720231255966	-0.376900481038	0
1.16315213989	-0.613805322324	2
-0.0820634788925	-0.330624237264	1
-0.567200934386	-1.38142913279	1
1.23455936633	-1.42702806006	2
0.775963020308	-1.69421239466	2
1.01648104864	0.0148537958699	2
0.990758395693	0.731933745159	0
0.758724735355	0.00596356895019	2
1.56767150349	-1.54323765722	2
0.149813783752	-1.19742987038	1
0.249543407311	-0.169610236395	2
-2.05165863192	-0.632124882694	1
-0.107973736148	-1.06004867326	1
0.406154161204	-1.65261029235	2
-0.35559949978	-1.19562070519	2
1.69086305606	-0.50902073856	2
1.77949585808	-0.780228392662	2
0.918963268139	-1.38508121862	0
0.468393136221	-0.5418653516	2
1.65427642616	1.68635808917	0
1.18794285739	0.878887145362	0
-1.39327392783	1.10965361238	1
-1.41963785566	-1.79263434881	1
1.42122862989	-0.829034916286	2
1.32051716574	1.6103822464	0
1.22904131506	-1.40784897888	2
-0.913931638058	-1.48748374578	1
0.858193608128	1.11879001716	0
2.15978106263	-0.0570683522155	2
-1.60286223995	-2.54346822556	1
1.86457288847	1.617001775	0
1.27820822782	-0.493351048349	0
0.741641556981	0.730769562249	0
-0.860678565511	-0.971873348475	1
0.504541772973	-0.176597126016	1
0.0422643902817	0.704155444302	0
-0.16869136273	-1.58345408926	1
1.0424910151	-0.209099770419	0
0.333346732929	-1.42992773504	2
1.27828721649	1.88735462169	0
-0.131251998103	-0.842820702168	1
0.463986238686	-0.199791388185	1
-1.67996796458	-0.334684542543	1
0.553643307258	0.256865089966	0
-1.65962556358	-0.721849350697	1
-0.452795514738	-0.771997826513	1
-0.272060345703	-1.00626891374	1
-0.936135998021	0.169995888239	1
0.544593816602	0.570676835108	0
-0.279625645917	0.66153871288	0
-0.472856430934	-0.933477703274	1
1.21309165595	1.65688252193	0
-1.47477369838	-0.788000038011	1
-1.43258714445	-0.101888171908	1
1.08280770416	0.150740532594	0
-1.9367341256	-0.97228300272	1
1.89528940687	0.874360444448	0
-0.420577974056	-0.607289117134	1
-1.45235080642	-2.10895596175	1
0.798435904122	-0.262043807568	2
0.517503780654	0.631734914615	0
0.422660989664	-1.38188917351	2
0.934304057848	2.08532368719	0
-0.885929619149	-0.892893489632	1
0.906039922487	0.132691700033	2
-1.37134827863	-0.886140946987	1
-0.470121431693	-0.467403678638	1
-1.10835960901	-1.20016390968	1
-0.0812782222523	-1.34499131182	1
1.47559234659	-0.735716594703	0
-0.709334338384	-0.962791939583	1
1.81529882744	-1.16930048024	2
1.33798460768	0.174486454636	0
1.31603387147	-0.626770286229	2
-1.03366019162	-2.22250310808	1
1.73973521357	0.506304498934	0
1.48718681573	-1.32541043243	2
-2.14913730445	-1.08385059207	1
0.086911309113	-0.515907949926	2
1.51906775772	-0.50920313427	2
1.05150084581	-1.01296097063	2
0.870906928556	-0.611646182142	2
0.925295999674	-1.49217871821	2
1.78732233947	-1.11365083917	2
-0.0474380221777	0.771606091189	2
0.542314840886	-0.348041628306	2
-0.94524294672	-1.3795070592	1
-1.49317348679	-0.155736915719	1
-1.98627368825	-2.23180172919	1
1.61657685122	-1.36215629303	2
0.76856968149	-0.802916932812	2
1.3639784431	1.03594535415	0
1.70384288001	-2.04581609697	2
-1.23742942041	-1.20826859828	1
1.25114596574	1.09742499713	0
2.51320323267	-0.275943294846	2
2.28697123987	0.168342502701	2
1.11975691817	-2.23176922083	2
-1.67372684494	-1.8609669812	1
1.18273843003	-0.776511769364	2
-0.690702531847	-1.02295821749	1
2.22675602705	-0.801534067265	2
0.72136356421	1.7000180194	0
0.995335703252	0.0384860885914	0
1.08960336312	0.0956811362263	2
1.09197057698	-0.0353794749969	0
0.673818585283	-1.043324119	1
1.8783310944	1.26345497043	0
-0.530479445929	0.368973480208	1
2.02989665745	-1.19585978903	2
0.734490706136	-0.421462385691	2
1.23107160556	-1.24917922223	2
0.951196042798	-0.304129027583	2
1.78092082626	1.10545214943	0
-0.448756421985	-1.07443801242	1
1.39884375959	0.484986491773	0
1.77796464388	-0.934335233933	2
-1.452087145	-1.63483554842	1
0.372924374236	-1.24190664385	2
0.976858518586	-2.09833113166	2
0.218586398821	2.06397455501	0
0.535016056179	1.53319911686	0
0.673134102417	2.05676790454	0
0.770514778522	0.595928474314	0
0.678667516478	0.367932893646	0
-0.67912563651	-0.668509651464	1
-0.549460843613	-1.78779210566	1
2.1295579675	-1.2519423693	2
0.306115973298	0.251359614866	2
0.848382177695	0.462673465977	0
0.940379322276	0.952802449296	0
2.22060194917	-1.18363619433	2
0.0233494550327	0.627505651429	0
1.55332835325	1.65833195131	0
-0.207972328257	1.39658436915	0
-0.626798925466	-0.595424174041	1
0.633207617116	-1.46290741251	2
1.47899584165	1.32055174486	0
0.705169252219	1.72898384792	0
-0.0986116423953	-0.57837651364	2
-0.243751305489	0.151160297097	0
0.94530110817	-0.536046436497	2
-1.95578718352	-1.16730678148	1
1.69638486672	-1.13141914672	2
1.44388389944	-0.54046198987	2
0.965198197242	-1.19024730581	2
0.840398812847	-1.15656091445	2
2.08120651818	-1.23495586165	2
-1.6787762323	-0.771484692359	1
0.850420722547	0.0419307277344	0
-0.307153384486	-1.54509211048	1
0.408039925948	-0.749954089745	2
0.358894995506	2.01023403987	0
0.553429171268	-0.790821379464	2
0.393540933052	-0.604636531511	2
0.856174747843	-1.27508635896	2
-1.63733972943	-1.8263226808	1
0.92905933872	1.5205992145	0
0.15095235357	-1.1780153127	2
1.30921035463	0.0665160303155	0
0.293095037045	-1.33439292024	1
2.93217829943	-0.86868349584	2
1.61618148774	1.63071727286	0
1.00671947975	1.96960787535	0
-0.980982096138	-1.87946524417	1
2.5622307727	0.503942986415	0
-1.59562779638	0.0368190305647	1
1.61817966881	-0.849148978162	2
1.81677236132	-0.271667714285	2
1.61724340384	0.307364837222	2
-0.605399509265	-0.819083906047	1
-1.67328002487	-0.500420517915	1
0.814181921378	0.243203950598	0
-1.85257055641	-0.195745543959	1
1.05624890654	0.0230008900804	2
0.564465793191	-2.11880138159	2
1.68288950097	1.59262593	0
1.44103189306	2.28922870574	0
-0.215960379156	0.539537295063	0
-1.37055188234	-1.15306643486	1
-0.636839384235	-1.05335885957	2
0.36932374768	1.24384394811	0
1.59531295639	0.733818303955	0
0.666193060154	0.0494580361902	2
1.5749463404	-1.04204282285	2
-0.216896303737	-1.06721322905	1
0.972885853894	0.105646941289	0
1.35008615658	-1.13950736541	2
0.23668113664	-0.658825448344	2
0.250260079599	-0.604774448001	0
0.149925088172	-1.21707021802	1
1.79305294754	-0.925850708618	2
0.471541951311	1.19836117779	0
0.24371396342	1.27327338938	0
-0.811727442434	-0.945772985882	1
0.421091900397	1.24918709362	0
0.891064555694	-1.44266950704	2
-2.02171177094	-1.18059126445	1
0.222401581829	-1.800327883	2
-1.28965939162	-1.02832274005	1
-0.0103597546566	1.42708906926	0
0.835153808316	0.404176344957	0
1.27074995089	-0.867972974344	2
1.41781322569	-2.37399066154	2
0.187826803226	0.952571630811	0
0.760211324594	-0.041658947087	0
2.02935636209	0.93903703263	0
-1.5823785277	-1.54919519701	1
0.2134158866	1.10496378537	0
1.65063217222	-1.54756581239	2
2.07584939393	-1.54397113227	2
0.743295868466	-1.32226496045	2
1.50878642318	1.46656833474	0
0.411095247183	-0.843110697567	2
1.54236085367	-1.49005927147	2
0.0704235249468	-1.18951190654	1
0.282848197785	-1.16311612104	0
-1.36477817829	-1.42184842317	1
1.00813369993	-2.00787956017	2
-0.663791079579	-1.95641741128	1
0.0926083943526	-0.0977754849867	1
1.0645898798	-1.3217815867	2
-0.759465351303	-1.46551697109	1
0.464293109028	0.732294651874	0
-0.977013459518	-0.951995693098	1
-0.0176363812742	-2.02395697096	2
-0.631559884359	-1.89382076823	1
1.73321847502	-0.306244187675	2
1.68005672282	0.223607940154	2
-1.02496027426	-1.5505132444	1
1.35574035666	1.09664611346	0
0.71431464777	-0.335792513474	2
-0.169882288775	-1.5831606139	1
0.496683708384	-1.54971336643	2
0.56316305694	-1.60319925368	2
-1.57386808684	0.138455791434	1
0.694704291374	2.47977014929	0
-0.446315318557	-0.586051166742	1
1.50497285058	1.03126038252	0
1.8656346457	-1.14479800851	2
-1.85944333155	-0.758513302119	1
0.934927195562	-0.815824470607	2
1.56339900735	0.917671742903	0
